0
1.0212886492594742E11 1.0036699368049059E11 -28771.959365503197 166901.00783785954
9.557291779692117E10 9.935095261153052E10 11861.259746119926 -80904.37287170724
9.494841166680763E10 1.0497982321346606E11 -36209.54006901678 -36731.362203437224
1.0263929917047281E11 9.424534051047556E10 52528.57182349298 24091.541174979797
9.934996798466826E10 9.791339897115907E10 159830.62697749515 -49791.51410829552
1.0383630138145284E11 1.0117121606211656E11 -26633.888881125862 87238.92030944135
1.0785542327400017E11 1.0271644243125526E11 -14385.708361682266 41600.67114881499
9.963176089787268E10 9.79288429610597E10 171236.5835397331 -30444.821222384562
9.875537969209348E10 1.0190148892041005E11 -134700.98167804227 -88168.57962826446
1.012499155969922E11 1.0333780906685693E11 -96132.839255839 35999.04391240835
9.704304509032901E10 9.586794127339342E10 58556.869408575476 -41904.056536691154
1.0496740483266617E11 1.0078307213454364E11 -11329.410854855658 71867.92601740095
1.0450096689868382E11 9.398016189324034E10 38983.75348744055 29147.72472641602
9.665109014149599E10 9.965680581702065E10 11079.527141790668 -108114.70448185779
1.0904780200377563E11 1.0280038493277638E11 -11421.603726687314 36902.21579009786
1.0515607811625162E11 1.0533467560853426E11 -35458.81245058497 34271.70090947012
1.0562534958698276E11 1.0217611819677408E11 -21884.902624551993 56573.31854615366
1.0134776375254027E11 9.783441837984232E10 121778.83951598433 75789.8498021567
1.0174690132993774E11 1.0720729475262685E11 -47946.90450121108 11621.352270772077
9.643933164829659E10 1.0038396714142004E11 -10953.057062421982 -101571.72171642396
1.0679175903399417E11 9.897103190377168E10 7978.240158464143 52660.8015061339
1.0624030741715562E11 9.701325447878532E10 22831.372171092084 47702.35029771252
9.785461967848117E10 9.902130247787491E10 64396.10791016397 -141161.22659929525
9.703131707218977E10 9.877535821956522E10 43446.7004561598 -105320.16788459959
9.461867682204594E10 9.915424427614046E10 10427.85813277593 -66349.7427014081
1.0388069384248837E11 9.742276866562346E10 43449.114933867815 65423.972825559176
9.93282202185686E10 1.0080776694955907E11 -267750.7723906611 -222675.0617277307
9.631637130085046E10 1.0362232113197278E11 -49654.476063086135 -50494.875082376406
1.065924033242083E11 9.26937931456523E10 27603.275457207536 24906.484104654974
1.067177460420156E11 1.0421504096500734E11 -24519.59446147197 39078.24621701963
9.852721058267838E10 1.0370378922440596E11 -85295.34201791201 -33917.177641488895
9.714543521828041E10 1.0226684857447647E11 -62418.93093819829 -78602.02219723412
1.0024340296559917E11 9.74822579341749E10 143970.6865861187 13918.380500555902
9.966559606774492E10 1.0845915850074007E11 -43183.723411083054 -1707.12097625533
1.0179884235111969E11 1.0122263489968706E11 -94558.27784275463 139122.01825420395
1.019818316706155E11 9.941639504347978E10 50025.83873438005 169879.96836771737
9.832758837403317E10 9.820547119487213E10 109112.52167541401 -101687.44534335697
9.660865888795638E10 9.878646201881418E10 34222.306475688325 -95637.31560057958
9.791976744900827E10 1.008599706299066E11 -62096.231371434995 -150208.1551399054
9.690768426528821E10 9.929001578248402E10 25804.524323646747 -112390.85971790699
1.0394238760953275E11 1.0634219737483563E11 -41609.8878036986 25865.21617290419
9.162492215914558E10 9.923398147287283E10 3962.496823436119 -43322.9982894482
1.0274739435355533E11 9.568258088951233E10 60317.396269235855 38383.040814524844
9.12717271975872E10 1.0277435340691652E11 -12101.240567358564 -38071.18756255422
9.979515823627809E10 9.544958374226472E10 80240.77242856564 -3612.122587408336
1.0635696798876697E11 9.544170299634471E10 27255.482046956386 38010.29787044941
1.001350467454074E11 1.0961535992387115E11 -38042.95160138887 534.3093592059962
1.0269029953684001E11 9.597751669790201E10 62844.649707193945 42031.48137667965
1.0337384339409364E11 1.0019170706869028E11 -6142.0557442240715 108093.74083270987
9.79488834677954E10 1.0208238086453E11 -89177.51959911977 -87838.6311872103
1.0308564030620555E11 1.0621236874744846E11 -47239.450838701574 23463.506349455092
1.06476772311094E11 1.0305938055111371E11 -21815.76936995649 46184.4378755401
1.0061894203916762E11 1.0600889289297868E11 -60248.66134053305 6205.873523024878
1.0080436269427243E11 1.0162188008541576E11 -181051.52998229768 89791.53130262114
1.0478569713884772E11 1.0316319584078267E11 -35167.43539121437 53205.90421954524
1.0220284070168716E11 9.486056180579704E10 60140.09660728708 25776.952188929947
9.21896830879727E10 1.022324597873654E11 -12378.394363907271 -43306.12510528691
9.724571028643124E10 1.0498279839443298E11 -56242.01226041928 -31088.31294726871
1.0372800777969067E11 1.0194398459903201E11 -40235.25575005361 77159.74011766011
9.306972532185255E10 9.829237281113617E10 12263.642492916353 -49771.057514643806
9.761690453519409E10 9.996861594573471E10 2021.5117079889267 -153500.09729904696
1.0677372664891475E11 1.022201473867063E11 -15985.90680099189 48773.41187045756
1.0708424288378435E11 1.0253809893986063E11 -16398.319114492737 45770.34948024887
1.0463768284462848E11 1.0395102806236383E11 -38944.172074200316 45712.335087471416
9.849082666297087E10 1.0335564352964665E11 -90687.70241096463 -40786.05527252524
9.897372455782971E10 1.0117511818809903E11 -176628.46094467034 -154256.35794905512
1.0155105028902655E11 1.019379903727517E11 -115076.35148643926 92100.15216934805
9.885351744731673E10 9.336540877031557E10 53546.68184393806 -9253.069912353469
9.953842555408089E10 1.0797307865984062E11 -45734.74725883586 -2647.658643025328
1.0391190499994325E11 1.0528632897221304E11 -44720.92823485076 33093.66928989635
1.0080892041911156E11 9.916585619040738E10 226039.80249106014 219204.66191106942
9.620044554382872E10 1.0247937658244621E11 -44069.66725787995 -67535.16258770903
9.891628410113147E10 1.0751878837475974E11 -47670.27346730559 -6870.92529872947
1.0420802567003194E11 1.0168584935940562E11 -30015.216273595324 74920.57333958974
9.58523628435609E10 1.0562138036569768E11 -42142.81515844745 -31094.338873549576
1.0188888511412012E11 9.569783108638715E10 71298.72675980804 31304.00185036488
1.0553882063140234E11 1.0403231132952449E11 -31430.71427301688 43173.52368117555
1.0469611507980853E11 1.0279735623248677E11 -34254.016818131204 57504.583454728745
9.891569356476741E10 9.890226438743567E10 168698.2121840787 -166634.43819238362
1.0584010928879453E11 1.0125604381630414E11 -12878.05600421758 59877.89081526441
1.0278215890608575E11 9.886759071458258E10 45918.68857436263 112815.29568688573
9.69903590565434E10 9.430269462625868E10 50207.26549839532 -26522.335032172978
1.0240562477522974E11 9.242906092238411E10 43893.830553092645 13947.026277155943
9.475506004904427E10 9.680131521652296E10 31008.709193543953 -50845.52829866385
1.0196253214136963E11 1.0678142488587068E11 -49782.28381211047 14406.90322407191
9.8477285344175E10 9.654827803072192E10 88728.55536143863 -39142.28111115797
9.540314811117076E10 9.149104302849817E10 33283.96332107363 -17981.222630768065
1.0637044870882784E11 9.816327224966946E10 15287.983300723115 53024.36001260753
9.927307527509785E10 1.0152693633887228E11 -195338.2407926566 -92994.18275416901
9.31469232349868E10 9.310385504505507E10 26693.24026041248 -26526.534144323017
1.0109871410657634E11 9.967184570145543E10 91311.33184450648 305725.2299689323
1.0154074014133774E11 1.048092379708235E11 -68994.80099396514 22103.92999471564
9.729509101410588E10 9.512443354343944E10 57380.214240252666 -31833.89222438778
1.0734897048450403E11 9.372210341336234E10 24586.839934233114 28781.60837636186
9.635019043160439E10 1.0653969744966399E11 -42658.66748519984 -23807.83116663738
9.745548352150081E10 9.89818318918648E10 49594.53422104597 -123942.31223768347
1.0105086165564418E11 1.0140508033678831E11 -166985.51760390348 124888.71483244986
1.046736967773955E11 9.88658983972056E10 17939.433574321774 73929.41926721518
1.0268371172421783E11 9.82816963341034E10 61908.55933722661 96691.13196942207
1.02068718572684E11 1.0147955830212833E11 -83683.76313430817 117006.64636128506
1.027776124517398E11 9.931742413359549E10 30525.85125580413 124219.13624738502
1.0589146541940521E11 9.330504240886974E10 30798.694587449547 27102.403809872172
1.0194321258366074E11 9.690754153137912E10 84819.13123771077 53297.91970651596
1.001210715890203E11 9.86243873262783E10 263923.4904935347 23228.658025797882
9.44851235746015E10 9.693663614316537E10 28161.90899637662 -50698.98819620357
1.0058455145360724E11 1.0465302380575903E11 -77408.63738539974 9724.715237731241
1.0179054676500061E11 1.0226934337236215E11 -99363.84413744333 78399.59868793777
9.769126454043134E10 1.0070052817361594E11 -44030.48620630407 -145111.57243231052
1.0877981200412288E11 1.006720177712552E11 -3171.018804248916 41428.887975450954
1.0090554632711087E11 9.745870307286624E10 127748.72789255032 45521.005475994934
1.084874942164557E11 1.0210255530205208E11 -10061.163766890555 40614.42245963914
1.0162094502167206E11 9.921075800569937E10 88838.94055563216 182457.39515150522
1.0284854823717316E11 9.171126621178601E10 39477.92942414516 13567.185186752886
9.77624854491153E10 1.0563062109811722E11 -56116.81414005351 -22299.882375258396
9.872466717504646E10 1.0631541255080917E11 -55662.77930506151 -11240.52767808396
9.73137511252304E10 9.42044996626726E10 51965.62935155079 -24086.37826715601
9.234536579402298E10 1.036567800797673E11 -18590.887149526283 -38915.77770333896
1.0100371088443169E11 9.928440209155623E10 172301.56506673052 241673.36743366235
9.63137546328421E10 1.0645418391724443E11 -42743.94428709336 -24412.79464958667
1.0466942649892963E11 1.0340019791391115E11 -37285.495046003285 51203.45432870781
1.0316673227217123E11 9.97579653449879E10 8779.113648005094 114864.14004972452
9.701775584477347E10 9.298907638695265E10 44189.810319650554 -18797.067379409913
9.373986924588947E10 1.0740923345425357E11 -28812.02535344512 -24343.550127951123
9.540691745484796E10 9.91607047287121E10 14085.338269882537 -77082.67109700799
9.48714562847694E10 1.07651244423225E11 -32994.29862861863 -22115.71000876751
1.04739169861438E11 1.0106968361082106E11 -16580.43775188494 73458.6471067534
9.6843870548101E10 1.025683715476788E11 -56752.32139790125 -69739.78246622218
1.0676197499348897E11 1.0308593764887915E11 -20436.25745878935 44780.38042895264
1.0365820302392007E11 1.0494328644511798E11 -47822.96961969329 35390.65235606116
9.495029969139713E10 9.254973257211713E10 33649.63131218894 -22807.30930350233
1.0094394110226823E11 1.0073468982340062E11 -187867.7967520216 241375.5158959213
1.0038683481084349E11 1.0217768479228857E11 -162868.92186738976 28931.353520930563
9.816068884973543E10 1.0159447530435666E11 -98451.94220715598 -113569.49497558331
9.748289831420479E10 9.696384400305447E10 71417.75023417325 -59208.334384329784
1.0170340991044878E11 1.0143317781612813E11 -105810.53123798236 125761.58067221672
9.95891855557331E10 9.691208551711847E10 116423.48273741639 -15488.916103582556
9.688061149759122E10 1.0367939846749478E11 -57853.9170860439 -49048.46413669174
1.037924587446754E11 9.957568686722795E10 10660.251412984386 95280.01979926952
9.667374273056982E10 9.126949439113623E10 36594.98969572309 -13942.417077945514
1.0179061240883801E11 1.0386893214968091E11 -77883.20340799389 36045.76794501573
9.841804585162244E10 1.0674119229827205E11 -51440.76964900151 -12071.594362147434
9.981562063323459E10 1.021879777984478E11 -166038.70448842656 -13991.966103972203
9.824030272875159E10 1.0323109972772824E11 -87330.93383698507 -47561.51741455737
9.87237166328544E10 1.0762217448365923E11 -46691.48049037718 -7818.183651532355
1.045249989483439E11 9.545750835554669E10 40427.20339226253 40271.52214090404
9.266612076786783E10 1.0035058447861124E11 -2379.3552200823897 -49773.74897928011
9.094179942793974E10 9.782829783408563E10 9157.346593396087 -38195.42267478922
1.005461008857352E11 9.843751466230367E10 208668.22720931808 72931.18274748827
9.318792953482086E10 9.443827044399182E10 26311.594767012655 -32226.744540375003
9.789823725432646E10 1.0436173976531512E11 -68074.92270702169 -32802.81359240761
1.010694120756548E11 9.580547294950238E10 81901.55419262264 20881.141071219416
9.968847088424927E10 9.894847876114188E10 319866.72715719126 -94765.36943521077
9.590166735293854E10 9.747620264264925E10 39859.424320472506 -64726.74183205628
1.0495194915242249E11 1.039403627955365E11 -35997.96706234195 45239.51517490304
9.185381287833179E10 9.586952371489334E10 18115.449552846043 -35727.56061636944
1.02082815804379E11 9.507280493392593E10 62997.854178653724 26630.349431205377
1.0751105755585944E11 1.063398549188818E11 -24009.537245966767 28444.975232306144
9.690873479079868E10 9.92009308061845E10 28677.8611418009 -110942.67568826333
1.0636062973708772E11 9.285855352690578E10 28568.702774479785 25445.11691041826
1.0481523903115442E11 1.0483523212859964E11 -37990.397356949936 37833.31167912952
9.668493649368394E10 1.018382528900698E11 -46806.86684352716 -84410.4404547301
1.0275513712310754E11 9.418247438954163E10 51369.20200489952 24328.07432315846
9.570902432444188E10 9.887409586615758E10 20931.42562685826 -79772.54503283765
9.614267482743523E10 9.216072973947267E10 37574.054243701044 -18488.37206178842
1.0068516001519698E11 1.0860729527527963E11 -42239.17977361936 3362.3334775930102
9.573514650087859E10 9.723113679390347E10 39180.7410571235 -60349.7205018
9.847346024974347E10 9.965401011233795E10 51667.44084782253 -227961.58229129837
9.818982138453616E10 1.0117267815803659E11 -92229.9440874988 -142368.70649330053
1.0211958572330959E11 1.0063788834006874E11 -47633.69899665408 158278.0276730783
1.0133344067007788E11 1.0122614355259317E11 -136708.45497008995 148671.51029347096
1.0046243447876791E11 9.558333048060947E10 81939.9036560102 8579.278225618498
9.290757963711151E10 9.59004076617965E10 22350.372853129702 -38666.829885615385
1.0099303313527145E11 1.0904629470846127E11 -39962.50663541715 4386.778734983823
9.326179267438829E10 1.0372210986389497E11 -22981.108930519993 -41603.14504641389
1.0542675202248265E11 1.0451005048747296E11 -33140.801307094145 39876.917347047114
9.63401333537112E10 9.609292941483469E10 49877.323684274685 -46721.539675102584
9.125300969397862E10 9.854427876657304E10 6773.6238370480105 -40700.66485175524
9.672651723768195E10 1.05351732165985E11 -49750.88507118042 -30431.019273663733
1.0746535487817474E11 9.857710301814767E10 9013.647357780434 47290.89816815473
9.462597570745609E10 1.0023910248705093E11 -3023.092184996322 -67946.47366971595
9.472463323738034E10 1.0410168525875813E11 -33607.33092033085 -43223.93975474162
1.0038375126389056E11 9.275418113323473E10 50352.54999035437 2666.7592792776377
1.0173757209987178E11 1.088159548743401E11 -39948.902788377454 7873.690359692374
1.016951695552445E11 9.745838825865623E10 99631.16349022575 66450.63538025861
9.962554318941986E10 1.0127647826215837E11 -263912.6010731757 -77419.1569096294
9.350213424793152E10 1.0140720237406064E11 -11647.570672514918 -53783.5580459805
9.675133647192615E10 9.885007617107787E10 35425.761340794576 -100081.74100536962
1.00075656142552E11 9.518538881071031E10 75972.59561170275 1193.8229895761417
1.0189682025341425E11 9.937730010921469E10 57161.22530924165 174120.10421233007
9.723194282150812E10 1.0428891046175668E11 -60221.248115788636 -38866.714432730994
9.648014134254906E10 9.899954748734651E10 27335.76622214441 -96174.51321089908
9.940219727283151E10 9.900408235828905E10 270063.5981456712 -162106.53242677794
1.0420575336238548E11 1.0134611542359514E11 -25255.993453860043 78908.89408671155
1.0358750453782436E11 9.693136461890997E10 50376.118193190014 58894.1109555509
1.0430719479140576E11 9.721104358438219E10 38753.675607034296 59850.210920370504
1.0035339442607115E11 9.784590414190138E10 165396.38735570063 27134.429122110945
1.0115987980148836E11 1.0042437903577124E11 -101786.51856327402 278195.0025660578
9.820298433651009E10 1.053752267986537E11 -61223.08158202701 -20467.75711818878
1.0378933095276067E11 9.095069894565663E10 34398.91691547038 14404.303694446227
1.0275065718195976E11 1.0500552175639853E11 -56140.032655197705 30850.327205366455
1.0468208202431956E11 9.997700413098093E10 383.7838763364366 78140.45153623371
9.231804160400009E10 9.681075010924619E10 16865.901098893264 -40624.96041102741
1.0200822916450873E11 1.0893011531482234E11 -38998.00692204876 8769.980240745595
9.90029396133651E10 1.0377220266986604E11 -90657.10671575832 -23962.28882273325
9.263991242941052E10 1.0285788660414265E11 -16773.153355529354 -43196.9124851465
9.984210667168227E10 1.0177616481174734E11 -204373.06270842164 -18167.87658222777
9.315414263079626E10 9.807184458672081E10 13946.273305520997 -49515.82078083556
9.908995749700603E10 9.912057002350145E10 200899.8192326731 -207893.04348421862
1.0250257703279022E11 1.0014211892887057E11 -8275.687508814422 145726.86168334854
1.0167204301486511E11 1.0251637242253365E11 -100862.90016655487 67019.9316175626
9.986227016971887E10 1.0377426081790936E11 -96808.96019632657 -3532.7398663768504
9.918026475226486E10 9.880368518041954E10 208115.169554176 -142604.0514417107
1.0068104540140254E11 1.0113770148840231E11 -236749.21337729573 141721.67717096276
9.595677759753952E10 9.567868656938919E10 45144.79753952398 -42239.578243355005
1.0639857637350626E11 1.0173317155470209E11 -14429.48860620549 53271.23251414911
9.670666821662006E10 1.0005638654542781E11 -1901.5276089912566 -111061.26938886142
1.0632224250303947E11 1.0526700439653267E11 -28459.2139518066 34160.983835072
9.365763740231963E10 9.510642393593365E10 27899.844303304235 -36159.84030364581
9.95226100556356E10 9.638547897742612E10 99486.50137244523 -13139.736927406175
9.950724966458713E10 9.608813821512111E10 92067.25193872831 -11597.078774283515
1.0558156182852371E11 1.0028335987806284E11 -3319.207625505593 65381.03668776498
9.453288993507236E10 9.818394310800923E10 20020.83644341199 -60271.303674887444
1.0317998964471962E11 1.0474753112702014E11 -53197.54747687147 35632.76270862751
9.521089069576884E10 1.076996163411115E11 -34262.48203202023 -21311.03216266406
1.0389155828815938E11 9.709225875463774E10 45080.02634967761 60332.586488339686
9.669336593721106E10 9.68993824724783E10 55209.17812673251 -58877.48080891228
9.347896647530261E10 9.722759644060968E10 20201.83288202321 -47517.1910084323
1.0389107957470631E11 9.363428257329594E10 41841.50146756229 25575.84649492876
1.0113874276792444E11 1.0000746024805894E11 -2104.7900193329137 321278.1121455043
1.0140736883467018E11 1.009460716524054E11 -120364.947834471 179053.9605940428
9.944227942434201E10 1.0278828371527725E11 -126168.60014885319 -25236.60842669455
1.0404334034303456E11 9.790466446867888E10 36964.98239319951 71330.82141538885
9.754734823416681E10 1.0745506724189493E11 -44283.495334138315 -14568.881742364165
9.845263364213843E10 9.803495281025612E10 114926.13315638815 -90497.99567841049
9.969312702704861E10 9.340895023483801E10 55389.876779624035 -2578.8996843291798
9.9617393273469E10 1.04621307255949E11 -78631.00968618286 -6510.009301184235
9.285828923800974E10 9.681646804531276E10 19050.963458619255 -42737.586019321425
1.037305817679223E11 1.0278014401607039E11 -46990.08173457632 63054.41055530948
1.0351361605779614E11 1.0340804566634811E11 -52040.211459953694 53652.25133052048
1.0003023953493068E11 1.0481610133039894E11 -75964.84801035543 476.9712091424429
1.0012720957985648E11 1.0143368940572719E11 -253200.52824894432 22466.18597397588
9.942970074571623E10 9.330035909069193E10 54217.35201652429 -4615.18995462963
1.0215477898048267E11 1.0215300186832771E11 -84897.03763972994 84967.11261724321
1.0163098145796638E11 9.748793107835028E10 102455.65055995742 66520.17581485551
1.0055054144311487E11 9.842023642732547E10 206515.94132373194 71970.00002355217
1.0049725005378026E11 1.0782152720652988E11 -46588.86064494389 2961.8657392022756
9.883434595053387E10 9.579213994727512E10 80752.06433952547 -22369.795958200157
1.0300279247299173E11 9.433064232805219E10 50396.572953467454 26692.69760100675
9.484958477964691E10 9.379441947762721E10 34910.3304266531 -28974.35566725024
1.0358260635924146E11 9.769160032203983E10 46497.56867219877 72163.62348546452
1.0017873960844351E11 9.898365395317944E10 349184.7560319153 61409.346514246114
1.0205664109526926E11 1.0149184112825615E11 -84552.67425043105 116563.68850858865
9.761294993152979E10 1.0193282077344255E11 -74960.09670024767 -92576.35597643195
9.931809732822093E10 9.11846648796808E10 41256.81099192615 -3191.3851555832625
1.017301129129718E11 1.0249534982172935E11 -99020.02547254243 68654.03127891512
1.0330075877090303E11 9.128529094651265E10 36715.77290960975 13906.36322085611
9.477031178852402E10 1.0512739990241214E11 -34973.16172907367 -35670.85366728202
9.647949675522638E10 1.0266331184808289E11 -50003.290993847295 -66096.93428124624
9.720118335703236E10 1.074581394657225E11 -43000.63570670596 -16136.852284306015
9.105192293044406E10 1.0170684107374324E11 -7525.542138610569 -39452.49038259784
9.48208404880888E10 9.43580335155224E10 35192.27365780661 -32305.473519218758
9.75740078295576E10 1.0508140942147115E11 -58636.218668742964 -27994.399898903426
9.810180697664288E10 9.476702438205728E10 61786.30142553972 -22412.16754438224
9.602484411791626E10 1.0270788074124323E11 -42824.781587978585 -62866.573049390354
9.406992531181337E10 9.893257858039111E10 10757.040349796871 -59760.888742054645
9.2991948519857E10 1.0689901104824338E11 -26100.25401390038 -26512.774438996723
9.821698327687413E10 9.498111232054683E10 64728.91357268078 -22995.68006718844
1.0634165447260408E11 1.0288278007644019E11 -21734.690339847337 47812.83779876903
1.0589188295029129E11 1.0482034911684E11 -30433.37282967701 37198.52362323907
1.0348587422098888E11 9.40331223500234E10 45714.52029390004 26706.60891094425
9.47005723197673E10 1.0162831700838008E11 -19383.232553934442 -63083.56333567866
1.0343022991484294E11 1.0480430597327505E11 -50440.60537806158 36014.124506867396
9.74198039650271E10 9.893641046319615E10 49961.80899554854 -121203.95792701571
9.68680524016137E10 9.709639537225652E10 58242.188416109864 -62822.42437268667
1.0288048299660754E11 1.035989272883541E11 -61965.589591435586 49595.56359209502
9.693065566077802E10 9.924905390696094E10 27516.616587515462 -112468.75393629495
9.129901575124146E10 1.006040606371221E11 -2905.2333447268447 -41847.4371908573
1.06918859529863E11 1.0254712183140244E11 -17143.839388536064 46568.56812636408
9.561608713984763E10 1.00852809138844E11 -15643.069582048856 -80414.07014699857
9.246046283550923E10 1.0185274337301338E11 -11245.714194377462 -45763.20787041769
1.0339141795743921E11 9.67035300354509E10 53918.65259172541 55471.66775581884
9.459240183779214E10 9.649372226915897E10 30884.88528848118 -47632.57840557047
9.708350494218486E10 1.0189088118440013E11 -57262.89269953838 -88322.28324667798
9.596450078201768E10 1.008865568950228E11 -19000.587463012787 -86488.36445654288
1.0258682285747534E11 9.89787963312621E10 48306.43673450154 122365.59516323784
1.0119003990679639E11 1.0415401381699022E11 -81395.7836861305 23318.22547996346
9.484082076825713E10 1.0028811796996742E11 -3948.0457837698204 -70695.61060664957
1.0859168164899535E11 1.0080489048090302E11 -3954.676177508692 42213.59246776157
1.0021113620632611E11 1.0166435018569269E11 -216345.19694737546 27445.128154525515
9.445563724034653E10 1.0020701619323808E11 -2460.4888920092235 -65897.46806766895
1.0442950553360268E11 1.0734837604861179E11 -36519.59776829696 22013.53868249228
1.006480328516504E11 9.913971908123979E10 271329.20425831043 204387.0021259401
9.702067617559398E10 9.279206669160487E10 43352.440264215424 -17919.277634669746
9.603048917452982E10 9.527176049493633E10 45388.80230391581 -38105.375564745955
1.0218431659947488E11 1.0007192702811876E11 -5509.544564097078 167316.65358164805
9.45119313069341E10 1.0166941947432579E11 -18561.695696871157 -61019.930946567445
9.853974433514127E10 9.963877975418095E10 58404.485824839736 -236103.82381946503
9.955520240038353E10 9.213694442107812E10 46381.68972336225 -2623.721026519332
1.019415517316541E11 9.696802709052713E10 85578.07872189139 54800.70960231834
1.0233383541396742E11 1.0391907579826436E11 -68916.25547035148 41040.083400776086
1.0329769512949219E11 1.0893929950879865E11 -36025.55203223639 13289.77593345444
1.0009464538133467E11 1.0134262476985909E11 -271155.23171510367 19114.491913671907
1.0936920813985512E11 1.0195980515033495E11 -7825.899810150697 37413.15007281371
1.0536093840617035E11 9.589596814895583E10 32940.92001166488 43029.4524103631
9.54514641359267E10 9.79640643679653E10 29994.32288745819 -67011.08386017635
9.919398657893639E10 1.0072460884490791E11 -225681.67698639104 -251035.38525297955
9.805063231543353E10 1.0012062228362408E11 -11569.264811368426 -186970.02145771415
9.361788956997484E10 1.0259716081934792E11 -20014.504632780834 -49182.46795388226
9.33266978761746E10 1.0132554779838182E11 -10476.911222314347 -52744.679593109184
1.0900888384111577E11 9.973131537700856E10 1210.1525404061317 40575.912179750274
1.0213166036895987E11 1.041223332976884E11 -70027.89139730536 36211.45357100746
1.010422701272895E11 9.28705633581764E10 50244.224125991655 7345.328460898535
1.0571200820263841E11 9.950880939603596E10 5467.6176959754985 63582.39932983267
1.025420785177352E11 9.955780021514641E10 24300.738112533098 139697.90677630535
1.0548752120104706E11 1.067545477315732E11 -32629.82247030049 26509.079468814656
1.0265641241948601E11 9.935512917316252E10 31574.67447908909 130065.3618319418
1.0320031254477661E11 1.00202014061579E11 -7187.786964119847 113869.12678580791
9.845615948435954E10 1.0911871923491406E11 -39004.796324509494 -6603.6888864304665
9.316917522268428E10 1.0446589628156273E11 -24531.897634913374 -37522.83609696846
9.859421197156549E10 1.0026388122928523E11 -47190.565072499456 -251400.72150517287
9.929954060518193E10 1.0157139344863507E11 -194236.24228664045 -86582.13564655915
9.502570875348079E10 1.0566663363416678E11 -36465.91800000258 -32010.556604542522
1.0209328241863329E11 1.0359594146344594E11 -75993.25890681581 44237.47005376592
1.0945424609154495E11 1.0095474385963217E11 -3868.5830505703902 38308.21828983853
1.0242174286758533E11 9.742046633529774E10 75388.09752192967 70776.58647096338
9.756241516435637E10 1.0871092847688675E11 -38951.05851630156 -10899.700281494892
1.0518795135350456E11 1.0672023691475922E11 -34112.75272905278 26334.681937146677
9.873178453252228E10 1.0432191715583615E11 -77942.93857090421 -22871.433373683598
1.0008905055084676E11 1.0483234502942442E11 -75686.77791152701 1394.757457051939
1.029892184724981E11 9.937838344379599E10 24397.571993554036 117322.60371665329
1.04653759927833E11 1.0610691780025208E11 -37900.89649853819 28882.274024805494
1.007978006110102E11 1.0181341004824908E11 -169039.50211948738 74368.07698622717
9.902494925090616E10 1.0128342442882338E11 -180747.754013926 -137318.74584145166
9.992195698652504E10 1.0571332662558142E11 -64025.846577170516 -874.5815414779195
1.0403211608059135E11 1.0096548377591109E11 -20549.038565895833 85818.23010340348
9.961913059870644E10 1.0868612871372229E11 -42040.2176966566 -1843.379608119469
1.0404370744159837E11 9.307686720298071E10 39404.259210682925 23015.49036723842
1.0709574525319533E11 9.653138624746182E10 20343.69521196824 41617.109609608306
9.99763613949982E10 9.887415922752626E10 324830.6653178558 -6820.275102534527
9.886919262169775E10 9.13603505422201E10 41634.40463017275 -5449.352103588544
1.04902233278237E11 9.261700466076508E10 34392.54232564863 22836.29580747382
9.846937301333916E10 9.50751491229882E10 67746.40402253646 -21055.353113359793
1.0714423436122455E11 1.016296180275882E11 -11103.7941684329 48678.958194569816
1.0255910521714265E11 1.0418999197909198E11 -63596.10590391411 38842.34796170971
1.039212615943179E11 1.0217260936045972E11 -39553.608648061396 71388.83286202216
1.0050433723965656E11 9.256953014184473E10 49013.19046959804 3326.7313723192924
1.0386839149636928E11 1.0243785829772351E11 -42660.85590989008 67694.2102761916
9.451055293987888E10 9.870351532903633E10 14909.470265239384 -63128.20317007449
9.991852499011691E10 1.0226937952479076E11 -161012.22691913787 -5780.642962637187
9.142645155185126E10 9.583977411489993E10 16760.74364520331 -34541.16474391758
1.010059263481715E11 1.0373487062606519E11 -91334.76170061191 24599.524989545545
9.838139992148628E10 9.966663373027802E10 44660.69523801768 -216841.98848017232
9.26475533779375E10 1.0597201361807132E11 -24352.322704782633 -29981.370482537426
1.0369495370544133E11 9.800257759357346E10 41422.67833282182 76626.19499146631
1.0174801137883029E11 1.0198594714777292E11 -103806.42306665043 91369.40472945786
1.0536211385261522E11 1.0523764789833313E11 -34106.693661138124 34917.1952939973
9.778429264721832E10 9.782287832139502E10 82549.7951466994 -84012.84589401663
9.534941639602301E10 1.0341534916329108E11 -37533.029403475484 -51107.65629104525
1.0324972665113347E11 9.146326753540285E10 37433.53800280349 14250.038477651717
1.0464816428525836E11 9.11706468148249E10 32445.66823379617 17080.843084734108
9.315117551778088E10 1.0432387507936885E11 -24114.57057032923 -38196.399819297985
1.0330195776193295E11 9.22288479923952E10 39880.398192091925 16945.156938185013
9.53281287353859E10 9.797452352447786E10 28580.3746164437 -65922.18301032062
1.0035461650673094E11 1.0140692934433887E11 -244513.987576864 61629.74457122142
9.891182945234547E10 1.0277781349417279E11 -114188.08153855376 -44731.62344559425
9.999770579135918E10 1.0451623846699434E11 -81011.82814268983 -41.15328220423374
1.0687791619897285E11 1.047679768024865E11 -24906.777218621308 35928.59898286989
9.20467640537833E10 1.0017859745900346E11 -1032.5093811072538 -45979.32563233664
9.95182215608235E10 9.527121932488434E10 76575.7938643714 -7801.708089533207
9.993522242585083E10 9.045639990879631E10 38334.79718321175 -260.1989965314769
9.853949125818732E10 9.73516941000443E10 105933.51922844409 -58421.057358484315
9.551390882964047E10 1.0472879217307932E11 -40721.595946417074 -38631.596680894334
9.843703377903944E10 1.0224625978778516E11 -109745.78904449483 -76362.0317213346
1.0385405065325006E11 9.31062259421469E10 40434.512628829936 22605.420268084814
9.827022469831485E10 1.0094218915553252E11 -88848.3485196532 -163117.6478336217
9.671242953900604E10 1.0517664940673643E11 -50363.87256113906 -31984.932090977694
1.0756303422711617E11 1.002288152214889E11 -1462.2473716440973 48331.69248222908
9.777958552842273E10 1.037596272355303E11 -72149.36886077913 -42611.00707529151
9.965318619334654E10 9.464998870068031E10 68100.37678816708 -4414.59832270678
1.0025799426846031E11 1.0218921089209969E11 -164834.36364599352 19425.410872673805
9.440089887312692E10 1.0351525365706403E11 -29426.029113202985 -46869.82187929601
9.745273831258798E10 1.0936787264067012E11 -36366.82585948114 -9888.672248005107
1.0695000896659799E11 1.0193218639555556E11 -13585.348534214827 48866.0381546699
9.903785068988733E10 9.768505363441936E10 134766.2802863786 -56012.21934637217
1.048463965040533E11 9.573895943431903E10 37435.90809983003 42578.626357686895
1.0255378517762741E11 9.421463468805478E10 52927.34830767423 23363.27445393676
9.325099002913995E10 1.0169502480118983E11 -12807.269538403776 -50994.174099107324
1.000958962793533E11 9.007996679408049E10 36878.36867813834 356.5006559395875
1.0284239828789871E11 9.838283432595795E10 55324.99137612375 97241.5277480196
1.009833757343177E11 1.0536375862722685E11 -65993.08652000024 12098.978426635362
1.0040699661569978E11 1.0289217658285529E11 -124046.43866083272 17456.223462928116
1.0194914197104324E11 9.843628473640076E10 91621.02860093366 114203.90683223591
9.73187685437011E10 1.0176710563758498E11 -62698.788636885445 -95132.94552939227
1.020885031756709E11 9.712392185385513E10 83290.70322080787 60482.67444112683
1.038806672290393E11 9.085754194041689E10 33909.17277506654 14393.308090060073
1.0704973580657048E11 1.029561049924498E11 -18507.803846712995 44137.514672991194
1.0002066888639468E11 9.888192247090712E10 327118.4973480733 6047.143318203054
9.62892331293565E10 1.0684202041980165E11 -41319.85186951189 -22409.804123578793
1.0137850517326059E11 1.007304436644644E11 -109805.19448446958 207226.1503681007
9.427732023558447E10 9.250763358925511E10 30840.2441592827 -23555.820885489076
1.0234965922801253E11 1.0784686098261133E11 -42789.466377266304 12812.851503024463
1.0087372129754028E11 1.056598726099757E11 -63137.983222988136 9746.685910993103
1.0363324093834334E11 9.947836110188939E10 14165.949083516407 98666.54179191499
9.543388684844675E10 1.0439508241333144E11 -40034.31015412057 -41592.2098647361
1.037598062534948E11 1.0393278675169406E11 -48606.09685892685 46468.196336719004
9.584576059868413E10 1.0775878501473965E11 -36648.950356027075 -19622.72614805602
9.909892813921162E10 9.906707069953828E10 202896.1963028678 -195967.74702973446
9.366653930649518E10 9.51213773192486E10 27927.28983985997 -36255.39502670193
1.0595821171322958E11 1.0538681942264908E11 -30547.536256446117 33787.78348652277
1.0392879042726093E11 1.0062073737863124E11 -14355.137697243303 90856.98639786005
9.93081994984807E10 9.299174411111801E10 51701.617983537275 -5103.581521204465
9.551685596252592E10 1.0109982907777695E11 -18884.42442303639 -76977.04712844058
1.0440879051482373E11 1.0204794544328609E11 -31706.78739600904 68257.96262558423
9.825368165906865E10 9.999806896629648E10 231.66898858458143 -209508.41150646977
9.911714882890514E10 9.768088990281865E10 137793.39591859464 -52455.923116252394
1.0409515008076459E11 9.28197932425269E10 38448.443095064686 21928.63662068671
9.694642747516237E10 9.264380078155457E10 42425.75707039201 -17611.013825011985
9.976049376557391E10 9.854636619790277E10 245040.43121935986 -40373.79350894307
1.0469188433764513E11 9.580870878245439E10 38742.68979915341 43369.980760568185
1.0283549408667787E11 1.054848443411489E11 -52637.64479900006 27212.026683140324
1.0750270833798647E11 1.01290506132582E11 -8146.795050923301 47363.60844263193
9.656957080098212E10 1.0097308283540375E11 -28000.637530509433 -98711.23102887857
1.0299599484809975E11 9.929439585384773E10 27249.558138811124 115701.6100912409
9.84774353553281E10 9.932896225847856E10 88680.60626579273 -201213.65373910512
1.0910635094500159E11 1.0114122618800784E11 -4957.246596228481 39556.07372187371
9.982151373721439E10 9.79023773120833E10 173166.92985213458 -14734.736769110246
1.0509758109744739E11 1.0756872362484576E11 -33254.83097894725 22397.329615869516
9.51442765390477E10 9.749254899240634E10 30717.79937125906 -59485.564672703644
1.0430292721661565E11 1.043643023461107E11 -42509.68232540419 41911.86919271862
9.841953143226062E10 9.90274675546827E10 103324.70336359838 -167913.62254642573
1.0303817219273187E11 9.663032050247786E10 59890.546785534054 53998.54614811813
1.0107935985604062E11 9.567399998672813E10 79617.9468821048 19865.09834056203
9.33658903381712E10 9.873497464506418E10 10147.250456495523 -53214.72176962721
1.0546536147167981E11 9.59358936028267E10 32054.788247216453 43106.89424643067
1.0242100040771136E11 1.0252135424176634E11 -75499.21632770907 72494.22968159468
1.0731974324808215E11 1.0545628139305714E11 -23950.710471140355 32130.50035890333
9.077431243825244E10 9.796732147084218E10 8333.16082920933 -37821.59210582651
9.959477885122075E10 9.83624789131685E10 210535.98084126928 -52099.25704281598
9.729786378052435E10 9.508565227064606E10 57166.044325189745 -31432.541489194282
1.0298679603604417E11 1.0304500196117036E11 -61236.30335161688 60065.75708158462
1.0333302101781544E11 1.0153885333409903E11 -41775.94007938356 90483.01305797057
9.684543174716678E10 1.0249921426687567E11 -56452.648688933215 -71255.88858176715
9.67939492013319E10 9.544808245867365E10 53724.96049936481 -37840.08628311216
9.75912051637909E10 1.0729947462676297E11 -45200.42822744479 -14915.94445845655
9.615362991579575E10 1.0081735737961156E11 -19339.884159653677 -91010.80349824468
9.528622988433734E10 1.0339198121703618E11 -36798.04636701555 -51137.52706188899
9.634887526131668E10 1.054906068450183E11 -46204.19835536813 -30724.70792538663
9.714449851570844E10 9.894280657395575E10 41718.403052089765 -112682.27639596563
1.0839006741552455E11 9.582604951430627E10 17390.158213050596 34955.99678870714
9.728837988554785E10 9.739794976841162E10 67405.79634413232 -70244.19089935858
9.942608837764645E10 1.0333529937485977E11 -106541.38895706495 -18332.789507604568
9.365168212086148E10 9.231157775297227E10 28295.64249894773 -23363.66648530846
9.656019431263315E10 1.0811606466522726E11 -38215.048446644185 -16196.561561783159
9.529284670247816E10 9.960106976710403E10 6540.297355388285 -77171.84541192159
9.931616823934225E10 9.861511502462657E10 212399.6602955715 -104879.20386591155
9.25629886640691E10 1.0323157383391267E11 -17981.63418767042 -41382.19461021949
1.020552151765362E11 1.0916341851624751E11 -38014.82632409123 8526.146421898251
9.719451732440475E10 9.986378700347708E10 6316.931983556818 -130105.37683752034
1.0325949827384018E11 1.0699669435660477E11 -42966.69497801248 20016.576539640373
1.0716395570467216E11 9.327412227729167E10 25484.640049162444 27144.536369626076
9.503380928402832E10 1.0344702678296968E11 -34509.73152328482 -49718.7631811678
9.316156083594121E10 1.0445907624013474E11 -24478.5518172196 -37540.30620056387
1.0463577509549986E11 1.0639315039699861E11 -37507.217389991085 27197.080231312724
9.860113035261215E10 1.0222386665276259E11 -117878.01737600993 -74148.32197637223
1.0659445856674478E11 1.0693062538205687E11 -27706.373141001786 26362.488179801538
1.000108861936629E11 9.74026073607208E10 140857.56486043226 590.3623144096805
1.0604670748476587E11 1.0463660364479915E11 -29217.47160415659 38103.21471686653
9.34572141987092E10 9.955655204449501E10 3772.699585641258 -55663.725528646835
1.0759384400624174E11 9.354779771481834E10 23773.63499041841 27980.101614790758
9.675805119357777E10 1.0433462139275037E11 -54127.901899586235 -40483.32508370678
1.0286903512152667E11 1.0103977005470792E11 -40850.479875966936 112718.63520659957
1.0105907201192363E11 1.0807301910915733E11 -44553.19361723943 5844.782449271077
9.462883171318256E10 9.671299557703816E10 30327.762746202094 -49557.437870966765
9.688168939684474E10 9.967765538823026E10 12000.26871108004 -116088.6945093508
1.0154558541650952E11 9.404842003200356E10 57590.31005273803 14955.817417965129
1.00142271541364E11 9.737532989903844E10 138987.74149007234 7533.899290904866
9.983100039573016E10 1.0228773987728299E11 -159057.8997096324 -11749.903200902278
9.782495175053064E10 9.788272201143768E10 84075.44600201026 -86369.45768949312
9.54533931936783E10 1.0449368096322964E11 -40232.613623664736 -40706.46679954731
9.159063828817177E10 1.0459597365747684E11 -18309.204123272368 -33500.783860632946
1.0005055869960722E11 9.562074360080075E10 83534.74566962503 964.4121577007043
1.0417368664338908E11 1.019759241134453E11 -33902.2322774198 71610.69247270898
9.480675246514145E10 1.0260117145820885E11 -28209.92447331172 -56321.20876432032
9.93834465709084E10 9.906628587556314E10 272865.6183138228 -180179.59485624492
1.0692748751976471E11 1.0034250970957721E11 -2604.872351213082 52685.2821950176
1.027763526098464E11 9.094511705094162E10 36933.49958386783 11324.322858430294
1.0456415074766057E11 9.74077800794398E10 34423.790239018184 60610.35435711477
1.0597439482850348E11 9.42548146047147E10 30596.324041417243 31816.99241146641
1.0526453177713297E11 9.731854916109587E10 28106.173095881277 55181.26204295362
1.0188798549400127E11 9.747549524340776E10 92943.60258243582 69509.14747838622
9.815794468264212E10 9.887332648856804E10 88409.50688032017 -144545.1593575665
9.705288992220346E10 9.317377801642177E10 45176.86246937491 -19504.374013476176
1.0216020681193268E11 9.778058599053036E10 84652.80282073564 82394.52419526095
9.939220510938449E10 9.301559215615086E10 51989.949531610175 -4524.252648919825
1.028205722134477E11 1.0780330365087936E11 -41468.44876133737 14989.132749925311
9.564091035080246E10 1.0847258263206483E11 -34144.50457991168 -17567.129522937183
9.91806411754947E10 1.0153528663275517E11 -185478.64216753846 -98987.09398941744
9.68960124068514E10 1.001660339425225E11 -6286.971511255871 -117534.2901152373
1.0298169314019019E11 1.0756833232578973E11 -41846.919819656396 16486.415817019282
9.62880242366148E10 1.0067847308625537E11 -17433.147559886314 -95378.02240464835
9.93142569875695E10 1.0517876219655836E11 -69430.56294734281 -9193.610670499038
1.0025267063301694E11 9.435243113454005E10 64654.006367414906 2892.601950521829
9.462881109182593E10 9.754315377926472E10 25766.483399511642 -56331.01846996738
9.852555092240349E10 9.734962934092928E10 105418.46271030136 -58646.19523042283
9.976415609639761E10 1.0602472527717525E11 -60634.968260814894 -2373.61654706723
9.946538832666663E10 1.0557540802853508E11 -65024.035750586205 -6234.989149062111
1.0520544799050076E11 9.810633454188268E10 22580.61122069934 62071.25804572069
1.0812269417985776E11 1.034801232637236E11 -16305.264462150777 38056.89244640287
9.662045123987338E10 1.0753265576402525E11 -40432.407012404365 -18140.121527959924
9.666240341452211E10 9.998614607642091E10 455.0121885609909 -109618.55810902096
1.0249268105883565E11 1.0302704462399767E11 -72025.77281232792 59311.07794512244
1.0026260805010832E11 1.040173714297621E11 -90684.20295762112 5927.856592473074
1.0250256083803558E11 1.0218680973238182E11 -72439.05070989163 82898.44734393022
9.53994556123445E10 1.0010539456948201E11 -1820.9470745130589 -79485.57392512231
1.0308626732556703E11 9.235418836848367E10 41147.70361728746 16609.461404029546
9.969054284302054E10 1.0228636059145132E11 -157143.58630460806 -21269.26419096126
1.09672178263989E11 9.932333270286122E10 2633.4894102942285 37642.692561613505
1.010541476455145E11 9.991379364990721E10 28194.670747328288 344769.7965679069
1.0763960365019832E11 9.45380854520498E10 22657.978202215916 31691.812726130014
9.63196513679907E10 1.0506258254494574E11 -47281.55583280199 -34372.3006555716
1.0083389387229715E11 9.848371442664386E10 185260.12848559854 101885.34972550171
9.671288479665569E10 1.0258051313241576E11 -54060.9190537914 -68864.00487414896
1.073857838327815E11 9.831311031637094E10 10753.132779101192 47080.91762158322
9.389282801649315E10 9.757602194700246E10 20541.855050934017 -51754.85871300919
1.043330831753325E11 9.751601764560573E10 36431.4839167006 63551.437767901116
9.647587546168947E10 1.0402952188966924E11 -51446.49323419821 -44993.8861683531
9.40268941127478E10 9.36226350190248E10 30560.791112470037 -28623.552495040916
9.781691985344368E10 9.600582270200014E10 70530.6448733734 -38549.62838629632
1.0461019377223381E11 1.0610523890027516E11 -38165.03462651598 28819.217040683172
1.0375862148447374E11 9.366445366532236E10 42714.822652491945 25340.963769513746
1.0010534935483096E11 9.761939566066885E10 153386.98907086626 6787.864774967108
1.0608820999509645E11 1.0115318354778928E11 -10988.448018164996 58013.29648089528
9.801845070887419E10 1.0540294300258228E11 -59688.04551838012 -21890.81103189558
1.0271901658308984E11 9.618958075762553E10 63622.2897899635 45399.21987304984
1.0556589844513777E11 1.0184571771298557E11 -19638.58995844231 59221.622323590476
1.0116270259641554E11 9.934113065068094E10 134972.9154669183 238185.85493672057
9.781367919504903E10 1.0725025558648283E11 -46256.636048758264 -13948.728366072039
9.30345116274977E10 9.574639038225848E10 23363.3777983221 -38258.64407439384
1.0047888706846292E11 1.0122299034495586E11 -259387.9041082986 101568.67836732433
1.0630756062220897E11 9.782937139117741E10 17847.63573798697 51862.876920948795
9.578104635001088E10 1.0050680836416878E11 -10269.21921795512 -85486.67102838487
9.684419255355783E10 1.0408889158338055E11 -56075.76589265237 -43279.28876575206
9.953163008377771E10 9.230847419015625E10 47392.047701386335 -2885.904560457041
9.887679781178645E10 1.0128155346481618E11 -161462.30376495424 -141511.7026965473
9.38487990730755E10 9.808740235496257E10 16863.592187191996 -54235.84210839188
9.098408844879054E10 1.0156803854445717E11 -6850.482355753287 -39388.91886358199
9.865181333987697E10 1.0114662885126433E11 -133929.39711136583 -157471.90242489308
9.830788553915935E10 1.0233370270924767E11 -102754.35708583557 -74504.83424916581
9.474936437370819E10 9.764194875097702E10 26041.303408771215 -57985.76069532915
9.823817579998656E10 1.0383966434319336E11 -78714.05920124952 -36117.82749393011
9.82776753608457E10 1.0650022149843945E11 -52593.237632648736 -13935.314211885641
9.921909052080298E10 9.876933652132051E10 211952.3321701129 -134492.9691967104
1.0070291221224551E11 1.0082868656505286E11 -256765.57033586942 217794.83665426046
1.0618741716500877E11 9.899442337610204E10 9362.671782545254 57609.48964098234
9.633254479493178E10 9.825714176323723E10 38674.54592822678 -81381.92870555968
1.0129333161555374E11 1.0572231643830406E11 -60829.82191907232 13748.476286599203
1.020187833517385E11 9.307900701647331E10 48718.516605633464 14210.696424479183
1.0132945693800214E11 1.0542136142553873E11 -63658.38555559336 15610.669663199718
1.0126516418716261E11 1.0975898645927332E11 -36870.774827970126 4779.961941740219
9.146617608162161E10 1.0150684856499725E11 -7341.315959878327 -41576.505553427545
1.0107018511282477E11 1.0058521287832764E11 -143914.11907645562 263177.30430171307
1.0170896136273303E11 9.200370315934445E10 43756.182297799445 9351.53189254439
1.0216745094857733E11 1.0057151076359903E11 -41615.94159740109 157828.19473634672
9.78277259574068E10 9.409012232642642E10 54539.45380995134 -20046.885291439383
1.0706821674290448E11 9.702194619821812E10 18521.247326009707 43958.974270661995
1.0017301671263837E11 1.081476172151335E11 -44884.76940511842 953.1394326651006
1.0052390920679544E11 1.0119960545442964E11 -256136.27530558672 111863.57342022164
9.604227139301036E10 1.0147659572264226E11 -30275.826151686695 -81148.48324655867
9.796315527870554E10 1.028456869051024E11 -85014.79203633794 -60850.66142753689
1.0111419280232373E11 9.534847475676178E10 74387.60865940772 17818.271172637338
9.942425581859286E10 9.900406447904008E10 275344.0526423711 -159174.69841934234
1.0454676410974362E11 9.740717200180347E10 34626.994639607765 60721.64314993621
9.925197294749185E10 1.0081592568662929E11 -243635.71675528312 -223361.15908184074
1.013289983356735E11 9.080135056258232E10 38960.92866354215 5628.979526007135
1.0235144981209023E11 9.444128004191E10 55828.59850777728 23616.614699093654
1.0769339609801889E11 9.813173113422986E10 10905.467983056018 44907.92859909252
1.0396750210366673E11 9.874534185794609E10 26510.767698052594 83832.81715261395
1.0638041410009859E11 9.999257342608026E10 66.74451749622317 57342.41187653005
9.92304937691525E10 1.008285402243462E11 -237081.6503041139 -220189.43892866877
1.0553877181236942E11 9.337839930076907E10 32508.328246462857 27192.248572112443
9.990563013462485E10 1.0099554027108443E11 -364234.93028982414 -34526.78142184746
1.0596924117990155E11 9.32875727301774E10 30436.397905200974 27066.54276321068
1.0579552576322662E11 9.931695743630873E10 7338.318419731812 62264.660683048176
9.993387979610779E10 1.0248405254294478E11 -147182.7926126866 -3917.693401702051
9.349238638359315E10 1.0721059847878503E11 -27963.577003545888 -25237.316293110114
1.0447927161083311E11 9.796631503185678E10 30746.68033009429 67720.78000640136
1.0660348683796165E11 1.0603962087717082E11 -27592.7150123293 30168.802663801704
1.0152353798887315E11 9.205160965389435E10 44399.292267214085 8510.403427950057
9.800244712528836E10 1.0104966919881038E11 -75420.17132064112 -143526.91324422363
9.897285341559589E10 9.919631947149486E10 172870.8541966524 -220938.17273560708
9.958681972984831E10 9.894506136083199E10 300689.5565813428 -117768.92760137445
9.813025283103534E10 1.0798012300389626E11 -43461.61620607633 -10183.080363581355
1.0365963771820581E11 9.630663394252989E10 49984.92489839995 49528.455520916024
1.0491653219650201E11 9.672418549388274E10 34338.30470753422 51536.9171095078
1.0662355073734955E11 9.66973189026934E10 22058.54923307682 44238.57942468611
9.85465520981883E10 9.379363182411679E10 55885.59913266612 -13087.655211383682
1.0049596452280821E11 1.0188088527752087E11 -181873.67719202346 47957.678545291135
9.726504217919078E10 9.912133452280281E10 38957.15783037476 -121259.0983141262
9.917085974235887E10 1.0654880867983553E11 -54986.56743998694 -6961.812281121194
1.0640875540390155E11 9.959463502080399E10 3596.5838610688775 56861.41486846251
9.996568889925774E10 1.0153007434056607E11 -238998.1533163458 -5359.406074752109
1.0343949779206516E11 9.120798103025471E10 36090.37331228984 14118.800215239338
9.69171420305355E10 1.0407990579077707E11 -57083.38989792394 -43133.34486023662
9.794022432126552E10 9.935641806321506E10 50563.23018278895 -161826.96532634983
1.0148156968608693E11 1.0181876360896022E11 -120922.22097916006 98503.56368162131
1.0437279866921024E11 9.648932015348122E10 40845.84598432352 50876.37402770514
9.87327142841782E10 1.0298773010516734E11 -103784.7349237385 -44021.68450949762
9.8631306546955E10 1.0450976932945186E11 -74285.65481690053 -22545.341452178087
9.704226784459816E10 1.0322693951903142E11 -61615.624400935965 -56475.3421906437
1.0184803571217648E11 9.236286628311768E10 45256.58839766235 10951.201677308614
1.0902566201944267E11 1.0032918576481758E11 -1476.491664841408 40482.65801763208
1.0087434229296494E11 1.0130019964265327E11 -193769.35613399398 130303.63768044433
9.198600029808638E10 9.43311314159848E10 21524.04177824631 -30428.23481236301
1.0104463590750526E11 9.784506975013322E10 137475.74186142697 66643.50104521934
1.0314683017238554E11 9.688638588907324E10 58129.64327886405 58749.77080107436
9.511454234710855E10 1.0009253869048615E11 -1418.0203465996756 -74862.5068915187
1.0574788219750401E11 1.0575655585052135E11 -31826.36668987454 31778.412519249163
9.658442730672873E10 1.029739477456825E11 -53049.64150448244 -60927.40101893008
9.515848479407642E10 9.838864359946292E10 22642.815625978754 -68033.07829451085
1.0582361193184598E11 1.0376889027812144E11 -28656.450945612167 44279.36005990794
1.0391053013257434E11 1.0577587176633418E11 -43434.40322807363 29407.08337809362
9.158424753955019E10 9.647574270073624E10 15489.35755522004 -36987.82123069214
9.450177207966975E10 1.0313106731263632E11 -28614.60948647791 -50247.92797425675
9.614489772385136E10 1.025257654214696E11 -43504.80621032785 -66401.84239566309
9.94188003775982E10 1.0132818950985817E11 -231194.4801137887 -101167.90077483885
9.69563138563503E10 9.700094586165202E10 60096.35928308864 -60990.71493737329
9.915129833523712E10 9.44151478110322E10 64032.20680129581 -9730.64974182327
9.655919525597742E10 1.0408775078918893E11 -52386.73078041922 -44095.76833055051
1.0160627854934288E11 1.0055940705874379E11 -70744.85415756133 203136.41012121536
9.505606336860452E10 9.56166313125001E10 36735.435111311446 -41433.353264347934
1.0733989007006053E11 1.0047944341876633E11 -3242.1610465044137 49634.857293500914
1.0646483667016872E11 9.238547813073656E10 27921.970660104722 23706.147664433844
1.0338729527700711E11 9.408525500360481E10 46580.17705695801 26675.843818009103
9.313764514443478E10 9.927852700114919E10 5544.023690841198 -52732.476412578275
1.0362150811958667E11 9.530059640912239E10 48846.00003899549 37642.26296586664
1.002440055974949E11 9.362409159236365E10 57299.09248806815 2192.8325196330525
9.883492305657286E10 1.0429250578179515E11 -79386.00092197987 -21547.04128701352
9.793096707216383E10 9.55843940641411E10 67940.97208606845 -31835.292921792414
9.949279049574388E10 1.0193036417984215E11 -177293.3705471879 -46584.41320149702
1.0964023754550417E11 1.0076322940375526E11 -2986.010530657154 37715.85671002575
1.006908689525646E11 9.43058463771014E10 63321.274105618904 7682.740089849555
9.18340999632797E10 9.808979645692952E10 9937.09617368004 -42479.94110570712
9.498961469322266E10 1.0546293427706842E11 -36374.96334685774 -33361.66474722131
9.999874906935635E10 1.0769734851910326E11 -47531.79856450668 -7.724605846334521
1.0085140765117566E11 9.891648538329314E10 208765.31195760178 164044.28806045617
1.0178581786892722E11 9.081523048258586E10 38383.25539242514 7462.953013402111
9.638775606823021E10 9.33167093000917E10 42367.17084718874 -22898.98235327568
1.0470800802807515E11 9.852893504280771E10 22122.100801616565 70799.74793953596
1.0466866699973857E11 9.631431744185559E10 38113.323834464834 48278.28073340647
9.484704969241478E10 9.95167199291293E10 6600.989331697867 -70382.72847845199
1.0201775556807787E11 9.632808273331604E10 76530.47988765176 42054.270482089065
1.0958102895427434E11 9.802291807281535E10 7558.15146011158 36627.14578714411
9.194666824130229E10 9.642798666919998E10 16837.99608591314 -37962.335544011374
1.0128126955526942E11 1.0062028347042636E11 -111992.70735799479 231334.30631540908
9.916460982672287E10 1.024651925118528E11 -133126.24743560934 -45113.052379581655
1.0076551523671336E11 1.0103874826045912E11 -228254.04127293895 168213.94854476585
1.0321973566121864E11 1.0011995207981606E11 -4227.5659793517 113475.68933149523
9.39111564661165E10 1.005258226321636E11 -5150.723144464224 -59643.58586839427
1.0889961957924472E11 9.78812999626602E10 9262.118290546061 38905.61562802498
1.0074808101206154E11 1.0342908326513391E11 -101848.55626444898 22219.04956989728
1.0595274222735571E11 1.0256900023342805E11 -22360.397128128283 51812.24916723244
1.0546895425616937E11 9.182719803175621E10 30920.83848407049 20691.14752674241
9.854705816300287E10 1.0553745840506401E11 -61815.87252511093 -16219.510976385733
1.0061092038859746E11 1.0201159204238263E11 -166521.35914180966 50572.527278540845
9.799889136583969E10 9.628730035093636E10 76361.43507103989 -41158.06326430643
1.0246514110660843E11 9.959749724281325E10 23603.924487555116 144562.99613509458
1.0305577899590149E11 1.0661327577936472E11 -45589.702196626946 21065.514133940927
1.0600734386872792E11 1.0345327100148247E11 -26314.484622184547 45776.93374946614
9.455828445395964E10 1.0284550875068053E11 -27608.203886111092 -52797.58575663224
1.0163807733518349E11 1.0735955633477713E11 -47366.831151402344 10542.827450335024
9.834493433341528E10 9.685331125548935E10 91075.4785493641 -47903.02119260502
9.258686084269348E10 1.0451474450601746E11 -21925.378284885723 -36001.124778115176
1.034635173289922E11 9.401638862467252E10 45799.94056093827 26510.559902620807
1.017665342255579E11 1.0860778701754895E11 -40786.57797551336 8370.430842473035
1.0190698104913992E11 1.0195565857523189E11 -95898.34084423927 93511.37307402506
1.0223518859998825E11 1.0172070303931398E11 -79120.33988078721 102777.10777987495
1.0593784950309795E11 9.47518556449097E10 30574.833345838444 34592.94308736017
1.073358758061813E11 1.0079506401922885E11 -5342.591322379939 49294.88126273766
9.926752181232823E10 9.914915975471152E10 246971.38317199246 -212614.7089942545
9.770634277774823E10 9.624390944577423E10 70950.01277645453 -43325.635224764796
1.0212360021339409E11 9.428124675398293E10 56224.10563814629 20878.243490260003
1.0395763309371677E11 9.374744843863478E10 41777.358603191125 26443.517554929338
9.951156881219183E10 9.80951075205976E10 180219.3618198154 -46209.82964208929
9.350917813604228E10 1.002620297542135E11 -2271.796650535425 -56275.392899641374
1.0023668800609235E11 1.0207899475875914E11 -173731.75179159947 19778.89638886196
9.920934459897069E10 1.008284526215333E11 -231118.5598372195 -220574.0350911183
9.81131528461684E10 9.995466840625314E10 4655.886155217041 -193792.99985772988
1.0590038764812746E11 1.0587965801862773E11 -31003.603903641404 31112.911829381737
1.0087521749256493E11 1.0114225182978229E11 -201818.3596360438 154637.49242397037
9.116705399546944E10 1.0246387514791093E11 -10719.916674193928 -38430.69939501848
1.056646673820838E11 1.0790049652872319E11 -30585.7424687529 21930.02137139858
9.31484325237541E10 1.0267656863735316E11 -18098.489971282164 -46329.10343708759
9.944409172865079E10 1.02484717353034E11 -140228.45214051314 -31373.450315474114
9.274405279201414E10 1.0204101800782178E11 -13143.555743343739 -46726.1661746441
1.0259889769738092E11 9.93450172134954E10 33360.53477524546 132370.8329397044
9.915731503853224E10 1.0476236100053062E11 -74492.71165566807 -13181.253551377386
1.0287746796129184E11 9.785480271598314E10 60928.3890404684 81726.51005262724
9.884811955588777E10 9.115166840087549E10 40659.84458786074 -5293.119874263449
9.402765894209003E10 9.888341725742357E10 11066.396250230853 -59191.57637691202
1.0465300885540636E11 9.93287379011664E10 11112.299996021024 77027.48356456064
1.0854062120107266E11 1.0154977886469753E11 -7525.690035020764 41473.05743412896
1.083183370245327E11 9.831348458043962E10 8565.400183768159 42246.8034695766
1.0772647961688882E11 1.0236713775050137E11 -13262.445140778986 43289.41652366067
9.975827322052614E10 9.428123776934174E10 63862.82407681832 -2699.42238714446
9.90971356851172E10 9.315904465394554E10 52566.494024620515 -6937.68767847646
9.834743321146722E10 1.0210774399188382E11 -107499.99170737642 -84284.86417099526
9.57922730331609E10 1.0709031575548012E11 -38161.507163258604 -22646.833839798914
1.060725476526122E11 9.594992249644089E10 27812.048811294837 41700.43451636364
1.0539789861115974E11 9.403627297030779E10 33722.23913258585 30522.729640826026
1.0042147339849533E11 9.665974030894788E10 107816.46554434705 13604.263245896696
9.541485373382997E10 1.0345238362126639E11 -38343.1380735495 -50923.91682320862
9.41543319679757E10 1.0249993211647032E11 -22627.74369192103 -52911.14789287229
9.528295172434494E10 1.0212016541768738E11 -29002.94288628234 -64527.17348813624
9.2018472035076E10 9.975825634894202E10 1387.1077170242281 -45797.43453587242
9.450617158713504E10 9.915713272606291E10 9982.296839272172 -65064.84199473015
9.962068590179771E10 1.0114051887580551E11 -288842.7629587775 -96063.40980247702
9.368938042046838E10 9.961970667097127E10 3481.1746005674786 -57766.904957855644
1.0053594853683423E11 1.055460575795095E11 -65358.81870217096 6316.011464082225
1.0065397305865152E11 1.0610266113667886E11 -59271.68497195962 6351.669254510916
9.774564519848053E10 9.954673690191501E10 31363.18918145946 -155988.33529776777
9.595225727395831E10 1.0911915471930072E11 -33517.25004932069 -14877.38822951582
1.006787673138889E11 1.0175760098010995E11 -181147.0461714673 69957.11503359735
9.457918148101407E10 9.713831114099889E10 27864.68837788749 -52783.313010957136
1.0667426834015775E11 1.0300395380294513E11 -20516.358820642614 45583.81823238456
1.0808468221729181E11 9.913565261155649E10 4783.567919731222 44743.15190041904
1.0070261186509827E11 9.607238754366217E10 90264.3686206296 16147.422153659376
9.451372746826968E10 9.519651489171767E10 33051.67770291753 -37749.78113213332
1.0018171926404688E11 9.20584042887702E10 46045.830009751124 1053.6187746207652
1.0397083067177914E11 9.916534252473378E10 18547.885288564987 88240.4027795757
1.0499918595199707E11 1.0331597722820204E11 -33711.9974609427 50824.3973110412
1.0158383713536829E11 1.0067166028528767E11 -83029.446004576 195791.1205882591
1.0736318306596255E11 1.0371105523181146E11 -19970.458428096073 39623.80835962098
9.889342955134138E10 1.0704335059813795E11 -50693.99694285633 -7964.459266898506
1.015886748007265E11 1.0093124751563072E11 -100472.8488417706 171403.07000337727
9.448968682216936E10 1.0210738556977603E11 -22152.99503626874 -57924.82506641714
9.049348590707486E10 1.0171492751566187E11 -6723.89173111374 -37273.16222835562
1.0416619340332552E11 9.675819249689716E10 42562.82715995732 54699.41369775179
9.700117891631398E10 1.0769349302914781E11 -41283.29751069348 -16091.679359442185
1.0212270251472342E11 1.0801305249030246E11 -42665.08642702728 11302.220515733123
9.415344274330605E10 1.0791661711878195E11 -29904.926841535354 -22085.300376782812
1.0632107835177267E11 1.0482433021592444E11 -27915.018872572524 36575.65166295979
9.761866188568121E10 9.967742189016617E10 20437.193683145873 -150871.5774063544
9.873015158924985E10 9.472721821523079E10 65584.34028240072 -15794.731069332323
1.0141703050184799E11 1.0132200802751591E11 -128786.64925320924 138043.49627551672
9.751130097788919E10 9.907074037513959E10 48176.29075367151 -129023.45531863433
9.557484412978911E10 9.830202118574063E10 27653.405068344488 -72068.40670911456
1.0656680782813533E11 9.848045339659737E10 12237.077307777756 52883.2316680975
1.0474834005027548E11 9.347734454224106E10 36662.64425370336 26689.544340684024
9.852031964810333E10 1.0311401508702277E11 -95849.64832871336 -45544.68665204816
1.0003542075368294E11 1.0910865677824196E11 -40166.547637673255 156.19530132769202
9.251950629611389E10 9.854341576466914E10 9175.689678177567 -47123.04801982777
9.725787589625359E10 1.0130447984525085E11 -51759.35954657306 -108802.43794019023
9.982359987398843E10 1.0294173030116553E11 -123926.37139962958 -7431.214045145302
9.820233725935521E10 1.0374976035014354E11 -79337.09819898671 -38034.78944400696
1.0378739186711584E11 1.0215137065215201E11 -41486.87845170895 73035.79505598093
9.848580390133684E10 1.0945432228926036E11 -37730.74853054506 -6042.924122598505
9.838709043408498E10 1.0067530158682295E11 -80808.18740935187 -193004.57902073403
9.153292687316023E10 9.896533561145778E10 5202.6083444642545 -42575.02799042946
9.929366857027415E10 1.0072452164586539E11 -258908.61698098527 -252408.32298680284
1.09570311645443E11 9.886667901600859E10 4464.555205608859 37700.86787370864
9.693567541085698E10 1.0123841634257147E11 -41478.20234735943 -102633.23488007655
9.25387799199478E10 1.0399610053959273E11 -20408.664081050825 -38105.53131480916
9.825472076809225E10 9.486316576505716E10 63853.61125843826 -21694.75916773533
9.74786707613169E10 1.0033660389162914E11 -19033.26048733988 -142568.5126275234
1.0178184557723257E11 9.154201051314131E10 41418.93566861778 8725.731741506022
9.807842357409619E10 9.679659702543867E10 83990.58225157615 -50382.14802640151
1.0376294249931525E11 1.0296288646906287E11 -47258.14650253031 60019.06916449735
9.72840456336719E10 9.87247795087055E10 51825.43544042962 -110377.39640492029
1.0108175695708656E11 9.77374463480314E10 131619.04349833322 62928.81314240633
9.897431202268338E10 9.965596186302144E10 107547.02514793568 -320632.1591529829
1.0298433429793874E11 9.805268987389328E10 56106.8705926622 85986.12825706408
1.0734352707000653E11 9.616554940906421E10 20441.465059634385 39148.359968665834
1.0161855320730597E11 9.445645915154214E10 60814.83553455867 17756.16880925979
9.935030996478981E10 1.0346818641353143E11 -101916.39308995094 -19091.841417971587
9.990271745817526E10 1.0166929186251627E11 -218434.20255598376 -12729.849658569578
1.0161596605803932E11 9.861637639764893E10 111854.0715663827 130636.9613799869
1.0120713906552998E11 9.969588895022882E10 71799.07916146547 284999.4217247237
1.0012573901700795E11 1.0127104884498372E11 -285058.32160675904 28199.508846750137
1.058689481240427E11 9.288836778694804E10 30603.724851331546 25256.040831990762
9.948317306782953E10 9.79800840821697E10 170001.2202523935 -43497.4586579115
1.0104263314039392E11 9.951811812777771E10 133636.29010631292 289144.7735553415
1.0656350083312477E11 1.046852429488252E11 -26359.47737872678 36926.676722151286
1.0684421500763347E11 1.0222521465460986E11 -15718.484235449383 48346.205827219135
1.0636071124157011E11 1.0090108367060013E11 -7988.21517261383 56388.47057863722
9.732118794563243E10 9.580779130230742E10 61970.03408213332 -39598.71425298046
9.90234966586853E10 9.090322147486925E10 39761.42594933132 -4268.232450388352
1.0481879805209059E11 9.253685989266617E10 34599.02962693221 22339.89100735877
9.778868962285048E10 9.572098149496434E10 67481.32385125267 -34872.98583085211
9.923767101754189E10 9.662322910420886E10 103094.40433488673 -23274.262536347323
1.0407900973040945E11 1.0149828646523775E11 -29029.868683388504 79032.36102000074
9.492509299861095E10 9.14373659962078E10 31621.014722253654 -18741.161765634395
9.944257921328899E10 1.0332459900463373E11 -107039.93089162646 -17946.91101210758
1.0051324963855145E11 9.31696567792099E10 53264.46587674124 4002.4295961676844
9.380694354088177E10 1.0466356172487639E11 -28388.912139710337 -37699.540837284185
1.0316758822952074E11 9.684724624506653E10 57751.31920754564 58023.053235559964
1.0747470530917946E11 1.0219820585919772E11 -13248.944068264464 45051.26403594505
9.515273737652702E10 1.0308710484925972E11 -34199.4058619716 -53698.6950149975
1.029822030564961E11 1.0083857060248868E11 -31969.916969923717 113694.40309579672
9.913434221759152E10 1.0314427804231006E11 -108161.88295360003 -29778.27484682276
1.0272086265269087E11 9.069533544192833E10 36223.57111403795 10592.46802248006
1.0450373297258646E11 9.19755776728425E10 34672.420846102985 19460.008289382124
1.0847132864589899E11 9.743353016870532E10 11984.546233389154 39558.240107500176
9.899076740122203E10 1.0218598326039496E11 -137963.26191959815 -63695.3740157391
1.0235787549796289E11 1.0482891794357994E11 -61179.75625105644 29872.996377479223
1.0432924767582144E11 9.117283979251529E10 33411.38616452791 16386.489255752596
1.0285546574382405E11 9.649231600280205E10 62732.50649598459 51068.033342398805
9.590708693324074E10 1.0247993818328737E11 -39617.974855954024 -65385.874558988646
9.349725234143176E10 9.926804596764963E10 6253.850656172262 -55559.79052519656
1.0200264352822673E11 1.0681488123502318E11 -49419.1298497844 14522.468866463023
1.0028652473942897E11 1.0278377735803006E11 -130051.16474432057 13385.724251011816
1.0187107648583212E11 9.957198449927554E10 42506.036556229774 185815.8066043557
1.0262733180658035E11 9.592509596627249E10 63420.89597031281 40891.205242005235
9.935521850163933E10 9.391815581785323E10 59488.910032851716 -6306.86143841422
1.029900639463071E11 9.546574206695914E10 56235.42070167528 37083.79770815647
1.0294885428202136E11 9.524204535085765E10 55556.08267882135 34432.18869883637
1.0668621086565282E11 9.74036090035785E10 18464.531952702564 47549.754386573746
1.0132055483619254E11 9.932210564368057E10 112562.29356626794 219274.10924161292
1.0357958667391815E11 9.51296009914933E10 48774.18562020229 35847.45820051764
1.030234619878886E11 1.0395847114538943E11 -58372.976957823535 44585.01034103494
9.219747903162218E10 9.543823847499484E10 20431.22468066308 -34945.94316399123
9.695670695938127E10 1.008675529469077E11 -31695.794429627193 -111185.82554342793
9.826882451314452E10 9.295577553855405E10 48980.555727118764 -12037.370170617978
1.0616726044648474E11 1.0029370365976521E11 -2818.813517770808 59190.12765473032
1.0290650171041144E11 1.091723175411908E11 -36248.60099817148 11486.36866616038
1.0125184513895378E11 1.0043808909360774E11 -91119.75738202831 260375.86190966557
9.861878039872223E10 1.0351548133192137E11 -90156.39189967573 -35422.11262554295
9.55339760940041E10 1.06006095416497E11 -39227.06015557206 -29168.532343913615
9.829908152460391E10 9.731458098398831E10 97234.05306377138 -61587.110356968034
1.0356096641807521E11 1.0063306431164262E11 -17706.141114590893 99596.47502346076
1.0214938115483363E11 1.0113760438135901E11 -70377.94619707536 132971.56177543872
1.0858255005748953E11 1.0211606826724477E11 -9908.166406682103 40186.479557206585
1.0974993115653096E11 9.823449610059804E10 6579.292521057823 36333.9039696949
1.0092752157159758E11 9.893373875132576E10 195328.42714395534 169912.7019269511
1.0757017386908032E11 1.0312248668570886E11 -17036.44342640673 41303.24700467735
1.0155855937911752E11 9.733546725036655E10 102307.23369620959 59842.348963708835
1.045086089121982E11 1.0058547700125555E11 -10363.0520476795 79803.21809318611
9.713551768044467E10 9.947366252981572E10 22702.651261869218 -123554.46235641591
1.0351802198726595E11 1.056868838733985E11 -46529.231365033935 28783.928533949747
1.0702646820790018E11 1.0131419911855319E11 -9409.780534128706 50310.12639786459
9.634094032893256E10 9.264139481031346E10 39863.37638006583 -19822.02728708901
9.735646525385498E10 1.01722854048422E11 -63309.24168881516 -97141.24090184238
1.0287076055155618E11 1.000974808225257E11 -4322.651121813323 127299.87290957375
9.94987717645783E10 9.577835784889944E10 85460.36667073089 -10146.56080541921
1.0590498399093706E11 9.41109769273171E10 30979.549596007262 31063.512938067495
1.06247611849631E11 1.0104125511146442E11 -9496.324762286222 56978.688949111754
1.0205095315878862E11 1.0634616180260158E11 -52199.94312491765 16869.98245092768
1.027468843614482E11 1.0249400392071469E11 -66287.67452091657 73008.93755054522
9.643580010020375E10 9.9489422721544E10 14409.232013626133 -100586.89539498115
1.0193591807350827E11 9.96008168244812E10 37380.07966821563 181282.11872864806
1.0247037627242609E11 9.858645276299982E10 63841.608497517926 111572.35548808437
1.0154978465230907E11 1.0366592801238698E11 -84670.19675655829 35794.639446796435
9.778779349500078E10 1.0483192423887138E11 -62597.945777606365 -28659.303416800823
9.662367597589876E10 9.520490919163031E10 51010.43281578434 -35917.515784084135
1.0726884054362358E11 1.0178125185408437E11 -11635.731430185555 47482.49169847156
1.0168035052406094E11 9.325028304685767E10 51041.666907538085 12706.887167631
1.0486122734545201E11 9.282102163495648E10 34942.000881105945 23660.888994336845
1.0644519001965442E11 9.405416118293518E10 28291.04971473306 30667.025608500735
9.494461891299728E10 1.0828842114270886E11 -32173.16085424079 -19623.470633451394
1.0863349116181013E11 9.864896803895277E10 6473.0824659311265 41364.898737085474
9.635912658345589E10 9.951221182927972E10 13225.71922341146 -98717.37861968139
9.91456124642143E10 1.0220489511971399E11 -144271.9386842953 -55904.7662056102
9.598980873975064E10 1.0224836996369035E11 -38918.305028615156 -69414.6644946753
1.0220815024349753E11 9.921437537157843E10 52326.337952407026 147073.31174569522
9.90273766839588E10 1.0774807455801248E11 -46488.05296329933 -5835.690388743702
9.99745831871174E10 1.0191270490562799E11 -191249.69746381373 -2541.4049809713842
9.892937817653598E10 1.0093334595898027E11 -169271.33315820168 -194167.6412935006
1.0202767113955043E11 1.023061689408321E11 -89476.92156086177 78671.50072679148
1.0570189475672067E11 9.968622642779152E10 3520.3853540396576 63972.45838950999
9.443792446681238E10 9.997971757717615E10 239.8643485995299 -65778.31633903591
9.842655882693854E10 1.0039855758114384E11 -55348.71240903816 -218507.80690303148
1.0025129251763393E11 1.0148880959340651E11 -238938.70253413953 40329.877229366626
1.0241274856634431E11 1.0696985172695113E11 -46875.78385995937 16226.95643108851
1.0329701909914238E11 1.0067470659212296E11 -21796.187136449636 106509.17912516862
1.0612273185599489E11 1.0108143864701216E11 -10235.172378142122 57948.008557294546
1.0277570664843011E11 1.0197449105448474E11 -62259.29706168917 87523.08317031762
9.463523681800787E10 1.0402485138169641E11 -32738.19417488006 -43637.0544147345
1.0220061984147041E11 9.297606326671288E10 47432.903141459305 14860.866741148748
1.0309163310533679E11 9.430030172434055E10 49598.146051861746 26903.050456565394
1.026210808356162E11 1.0113631814218422E11 -50940.93098077809 117502.56639000187
1.0201652982121135E11 1.0133163220219875E11 -83430.31041432505 126340.97363041734
1.0430065866732744E11 9.967812601633429E10 6331.628670769087 84598.86509349721
9.936784751513927E10 1.0410281764628253E11 -87107.10024934095 -13421.25695533335
1.0363290433993732E11 9.337174024312184E10 42446.98625111078 23264.90605756665
9.748872039760635E10 1.0059981408253688E11 -32919.79124355914 -137827.3746347459
9.550544979322447E10 1.0210685679534561E11 -31284.03559067775 -66738.12332355896
1.011910183423217E11 1.008391573977946E11 -144636.6008660201 205283.11500944145
1.0294800764136574E11 1.0091167986028592E11 -35030.29015660423 113273.93261549191
1.0661789640697536E11 1.0514260299202646E11 -26785.87646514339 34470.12259962652
1.0566149897775995E11 1.0162785146377376E11 -17162.469717946366 59689.29409489025
1.0130610828284923E11 9.757090196803467E10 116839.37670935923 62823.68009642074
9.371220737258632E10 1.0126838644241946E11 -11278.684652619846 -55912.00586344158
9.84174826514966E10 1.008574680766207E11 -96838.99710004251 -178723.14678634758
9.368434526662312E10 9.990361785982248E10 883.8612294448503 -57916.97867582346
1.0267985033261107E11 9.183623678111197E10 40456.75210051531 13280.399941302667
1.0113829272281955E11 9.97317772509187E10 71753.79145544465 304511.15324184456
9.067389935806686E10 1.0054111613714952E11 -2268.590432961466 -39099.00526082289
9.15345585724363E10 9.966823433183662E10 1691.18497654791 -43152.82965051081
9.84096246477504E10 9.70424803947546E10 95959.8713645085 -51601.42098550636
1.0818927153181258E11 9.855539032111877E10 7643.2322316718055 43328.31562802266
9.901040146472783E10 9.972441188128682E10 95549.5978878657 -343105.29262724175
9.747386164253625E10 1.0355436965093362E11 -68390.14607854083 -48605.79744039036
9.866518277718489E10 9.72948239843684E10 108766.00616125185 -53668.49973603506
1.0473319661487796E11 1.0677723698524544E11 -36286.13054441906 25342.095994839132
9.533614436485855E10 1.0550795717220699E11 -38687.33057919574 -32758.447295272766
9.56836541345188E10 9.324449313054758E10 38458.336337248154 -24572.468691164522
1.0547614603253441E11 1.0346990514410635E11 -30206.470285960102 47671.34418480775
9.901482985156085E10 1.0857490954216972E11 -42111.51047702385 -4838.185501971928
1.0014528833569963E11 1.010361874210468E11 -346283.41008173383 48553.89991160257
9.439517419152705E10 9.975211448953354E10 2881.400614479355 -65150.03034341846
9.796924677947107E10 9.835973627523843E10 88066.34162763592 -109031.86126762608
9.583763768058847E10 9.709339874377542E10 41260.637692877324 -59086.78503455997
1.0010133746974413E11 1.0549896580297359E11 -66511.5282060556 1225.7050177638828
9.993374944595067E10 1.0399356070078973E11 -91589.48483228058 -1519.409511925409
9.575340810684216E10 9.452087468284941E10 41716.1167226304 -32332.044411146206
9.337552348026244E10 1.045232433363798E11 -25720.015456754918 -37668.0239840746
1.0241107434899245E11 1.0370673308142004E11 -69358.54917455782 45114.82621620075
1.0461848490493805E11 9.165180316231187E10 33555.82587127978 18564.137654204293
9.975170333118594E10 9.443764676569391E10 65645.10119131938 -2930.317306933788
9.984224699167929E10 1.0413622629926129E11 -88326.26140286289 -3368.7067490749814
1.039174104425599E11 9.925948236805331E10 17045.69594450979 90173.39279037071
9.671324331801337E10 1.0424250680360257E11 -53892.81125107162 -41751.86173893465
9.137671880159338E10 9.501984897069185E10 18374.637483215814 -31816.237098850484
1.0074550374563757E11 1.0279508487171938E11 -122203.72720204666 32594.12166041186
1.0830280984516911E11 1.0141149015578526E11 -7280.809997300814 42827.915362090316
1.0120383705351804E11 1.0617802100806888E11 -57054.6929438535 11117.56553647173
9.78038606511263E10 1.0486002690589256E11 -62515.88287600746 -28249.55354611667
1.0273790279788902E11 1.0485051793480365E11 -57203.266520399106 32288.713403331043
9.494443608302266E10 1.0746409072278455E11 -33601.96711617619 -22759.221290470246
1.026028162930297E11 1.0176146409445244E11 -65246.345867783 96410.85084854206
1.0041031405750504E11 1.0099960059627762E11 -313237.0240091828 128576.90837782844
1.0617651859644983E11 9.783353445713063E10 18501.109753164055 52746.026273757045
9.69513080807951E10 1.0595739231533464E11 -48668.57050159295 -24906.111559168912
9.381125543836942E10 1.004396391269945E11 -4178.597016766666 -58821.58337350074
9.674600177308226E10 9.44690568019339E10 49140.546742314145 -28910.666091304076
1.0114011653804597E11 9.643590973610938E10 93124.78064451844 29789.67833402139
1.0388314480301642E11 1.0888977158988956E11 -34561.67362408866 15096.89894277665
1.0066099412348315E11 9.606013678851305E10 90321.06131730942 15153.239478832309
9.188848586412337E10 9.603241958411647E10 17802.83627169865 -36396.98328443912
9.350487480558258E10 1.004534701481006E11 -3913.697653054377 -56056.51515575935
9.874098687768916E10 9.60093284718878E10 83381.75425570646 -26306.029456373846
1.0426650010505966E11 9.492043285503378E10 42232.79638352752 35472.75290687822
1.083518467624422E11 9.528216668841151E10 18759.74182891504 33209.83992232702
1.0265613916942119E11 1.0351719124791878E11 -66243.68798424634 50026.41084302383
1.0385520473176233E11 1.0417444975759927E11 -47301.50646909903 43684.078656639664
1.0246020344548897E11 9.758926838034668E10 74342.0945233293 75867.70572058248
9.542706892731549E10 1.0271634032688281E11 -35129.625670938774 -59140.36441330712
9.34686150348328E10 1.0081336000219174E11 -6869.329044724118 -55161.59181985531
9.643309196850127E10 1.0327117239490872E11 -51095.0555599948 -55714.386783917864
9.272158920559799E10 9.536333850698972E10 22778.584966367704 -35756.739833249296
1.056141040084685E11 9.587502214144547E10 31095.995913832052 42321.719362716605
1.0223708801023169E11 1.0161561992833199E11 -77625.90051414799 107485.65815409696
1.0299902738025908E11 9.06005280079932E10 35327.96442172012 11271.860023590196
9.815904755308647E10 1.0103736664451494E11 -84998.90369358328 -150842.4630452981
1.0329548785463432E11 1.036852876526234E11 -55165.48383552794 49330.52697951402
1.0502254747489359E11 1.0032061083706232E11 -4631.1562272425945 72549.64376158609
1.0184408540964993E11 1.0300227953192595E11 -88481.63347898595 54347.93382344371
1.0163468031953928E11 1.0670120663661314E11 -51531.05599135605 12570.393310050258
9.749056752367711E10 9.09028695116741E10 37374.1529407106 -10309.615024741417
9.240671181749486E10 9.768999874021849E10 13416.447518594214 -44101.686941840766
9.96267620828939E10 9.63395601337483E10 98923.64661105242 -10086.781141813135
1.0101549715551079E11 1.0646121237493219E11 -55260.381144911735 8685.174949954931
1.0371065577682407E11 1.0016917368215572E11 -4485.956952966932 98394.98596944404
9.911092590041113E10 1.034190779314779E11 -100230.70890746475 -26063.321474084954
9.541177503434883E10 1.0109134264251686E11 -17951.318567472117 -75470.97016907815
1.0230685209925856E11 9.882814667668713E10 64041.370376159044 126068.65275083136
9.698329395125131E10 1.0014496986103699E11 -5814.807792647581 -121001.46689052439
9.998103982556123E10 9.853055741128313E10 248943.32696408828 -3212.108415019846
9.914432772839381E10 9.784098885825247E10 146456.711010291 -58044.60392951555
9.899220433733473E10 9.964561668142596E10 113611.38001632363 -323088.1647324109
9.88686907664958E10 9.136109485152185E10 41637.24821047987 -5452.612634197058
1.0321588722875418E11 9.464187426092703E10 50199.71309463828 30129.30716629694
1.0900332774075348E11 9.710157111561798E10 11853.736797915935 36821.00945078786
9.406454316130257E10 9.558181815655772E10 29524.669341750003 -39663.9175942646
1.0847428197881775E11 9.556503242425214E10 17736.92565150947 33891.501311116284
9.509658332164919E10 1.0162474432101186E11 -22277.73708667603 -67233.36476639674
9.844353196123747E10 9.059912856382648E10 37880.2267988531 -6271.69116329168
9.740482069321284E10 9.79771501164869E10 68357.44956804771 -87697.97503493023
1.0372523340366055E11 9.769643793677896E10 43933.0695669214 71046.89771075394
9.723798436376262E10 9.626860113830728E10 63344.38727786147 -46888.09602358116
1.0028364987089159E11 1.0202751046758336E11 -176988.2083382142 24760.75129925495
1.0668133354749854E11 9.658164049907219E10 22204.390830914446 43399.45559268739
1.0244503923947913E11 9.641529090848602E10 69657.34590786356 47511.51061766237
9.98895723730753E10 1.0193638847015009E11 -188331.43839849523 -10740.093807751706
9.89420401082196E10 9.919777530041182E10 166497.47668413093 -219573.95790091847
9.173263953282536E10 1.0482088688515509E11 -19257.652562298605 -33025.03445463229
1.026978262810568E11 1.0044512923480724E11 -21783.046171315716 132022.05078239413
1.0534443991440773E11 9.638299317978368E10 31776.332825373218 46952.27571488856
1.0338474165798114E11 1.0211195164818468E11 -48545.97071054375 77802.71368065968
1.0492688371917282E11 1.0727349314508134E11 -34480.65977426066 23356.343077469435
9.931644585431479E10 9.926746129086353E10 266982.73178246856 -249129.70585731775
1.0034240584945969E11 9.794601819355663E10 173310.3156803044 28891.427214439147
1.0617653851916995E11 1.0128914800936267E11 -11847.298122170241 56762.52274232714
9.569733183296744E10 9.564248023270435E10 42513.09433033071 -41977.94787530919
9.951640792679704E10 1.0216225773456386E11 -161146.31995194525 -36040.60779105367
9.686140249370978E10 9.562965357833301E10 55230.86847470486 -39664.46806265568
1.009073570524261E11 9.855390347998569E10 181534.77399937456 113904.46983945492
1.0578221279098308E11 1.0108419784151611E11 -11461.435203766294 61125.79706446159
9.952813712206714E10 9.75980946719985E10 146664.06341774503 -28812.678937353096
1.0734389994378592E11 9.86200256109621E10 9042.173543734845 48120.32622274481
1.0260907490951091E11 1.0745378720254596E11 -43727.33492430576 15306.03025155022
