0
9.791675448495932E10 9.608582402370724E10 72839.52456573179 -38767.44780723339
9.627584503330135E10 1.0512959352692773E11 -46706.37538803431 -33909.4665034831
1.0169031753257028E11 1.0862149087841422E11 -40865.9929442986 8012.129843179385
9.03697558563005E10 1.0724241046867511E11 -18249.860181024447 -24266.866658801257
9.734703881064998E10 9.421902010482716E10 52278.50905199846 -23991.23644554539
1.0236075094075043E11 9.478022071702762E10 58190.08877154674 26317.646659487433
1.0643799194885312E11 1.0654627540426154E11 -28410.872828171985 27940.922010184582
1.0289378501312071E11 1.0551967810144894E11 -51993.681516314165 27258.5708049506
1.0742421805592503E11 9.619462274505368E10 20003.889719219245 39027.20526568545
9.37404677885646E10 1.0592864536336546E11 -29181.88658461714 -30810.57271456924
