0
1.0921812634669566E11 1.0911354343521432E11 -19843.783853172496 20071.502161086868
1.0729088964605128E11 1.0612409724355104E11 -24714.050116370923 29422.689571950716
9.685331166939375E10 9.444559804645181E10 49865.80415016428 -28250.051999816482
9.585015218269339E10 9.562961368272606E10 44023.168950281455 -41801.671137667174
9.054467207709515E10 9.300649259679672E10 18499.475702834887 -25011.571317132726
9.427198620366956E10 1.0290259652650916E11 -25753.95219117734 -50823.1137582577
9.417402543495111E10 1.0805845017152632E11 -29817.130592168854 -21556.731224388066
1.0243307090680179E11 1.0139485290440163E11 -64882.91012984348 113176.60843476476
1.0915070925936218E11 1.0528475107941998E11 -17315.557464890655 29982.42105328889
1.0761420053288799E11 1.025865903070848E11 -14634.359038410583 43079.47187597929
9.421390065806752E10 1.0360336552272998E11 -28374.271361966796 -45561.948078724585
1.0969706211379692E11 1.0704572348228983E11 -17941.9273960737 24693.558417143187
9.6445824874233E10 9.111950496621521E10 35511.05292929758 -14212.327187948904
9.56826298031551E10 9.12326743230484E10 33586.38996641067 -16539.237209106403
9.444354217319717E10 1.0963861035317668E11 -28490.47996811787 -16424.167448167806
9.335552691663052E10 9.51382745437529E10 26240.95865697378 -35863.26398872073
1.0511744111104237E11 1.0733759724325366E11 -33545.510352806974 23395.556894075413
9.066366062122E10 1.0783592513683864E11 -19296.903173284183 -22991.852760084355
9.557606425753346E10 9.615507415229526E10 40947.52869305171 -47113.84378427063
9.318263785567276E10 1.0622224869626675E11 -26722.05513209998 -29277.82799577027
1.076766816145971E11 1.0997375234766487E11 -23036.109677850694 17730.62669610021
1.0182038153041168E11 1.0155812450586623E11 -99288.53578580216 116000.36842088627
1.0482063470075928E11 9.378213977692119E10 36751.3738498348 28492.91262989608
1.023843357901776E11 9.102908945201523E10 38092.95707171561 10124.546489898239
1.0917033367530292E11 1.0506234484060861E11 -16880.3720861266 30578.4472348272
9.825105368586667E10 9.012833394328195E10 35934.58428661099 -6366.469284605874
1.074967547466613E11 9.350104978090634E10 24155.010244487305 27863.605905765264
1.078378426282868E11 9.048822161712082E10 22909.36483649397 18877.647173282334
9.260794249009534E10 9.037503890964865E10 23909.66929298174 -18362.843111511305
9.77284668022978E10 1.034063492235824E11 -74346.54864166745 -49578.19715164723
1.0897863257248993E11 9.754543908318158E10 10365.18867146274 37915.22141003909
1.0810162791091162E11 1.0987824774310944E11 -22143.29195506743 18160.78284408053
9.07211476472962E10 1.0732155650277725E11 -19174.555350223363 -24300.552478968155
1.0670772164101477E11 9.577326346407042E10 24601.652835407727 39042.18721134553
1.058119360056664E11 9.049761899939342E10 28020.611549179062 17138.231055255488
9.545165959968944E10 9.372542358372821E10 38224.43348013259 -27708.282367206077
1.0423433007755864E11 9.606172170426662E10 43089.44551575557 46328.60389027216
9.629264085098218E10 1.0829751632039574E11 -36756.04420250849 -16422.7283796863
9.890998476055693E10 9.881442553030002E10 167236.53103276715 -153756.99466895565
1.014272982064021E11 1.0859007531178879E11 -41447.748827661984 6886.819429852896
1.0498714304827434E11 9.302705390239893E10 34713.0166180023 24827.20747987144
9.792909757016577E10 9.582847843272403E10 70364.84983827343 -34931.795546284644
1.0876740926432141E11 9.00054120722911E10 20687.506412429368 18147.40504440382
9.079758995695724E10 1.0538595566954602E11 -17332.250559360553 -29613.774490913507
1.0748457042186171E11 1.0581818788905023E11 -23686.337035203607 30470.32185219997
1.0372991856479152E11 1.0240040449224031E11 -44638.74784083658 69362.84897766933
9.374149042112772E10 1.0603661552868042E11 -29210.674745502427 -30284.401388738494
1.063002522382014E11 1.0485483132672717E11 -28077.132802232827 36436.491172350514
1.0932125854607538E11 1.0204223122092114E11 -8205.764300886802 37453.1785789768
1.0938773901544447E11 1.0816796846965312E11 -19299.288005604612 22181.363658986826
9.81786200940905E10 1.0805271883049051E11 -43222.984935690765 -9776.26040253796
1.0776830210152664E11 1.032528793285532E11 -16779.43109501418 40071.48027092517
9.879688059251047E10 9.573264687194948E10 79423.51478186471 -22392.32826010501
9.267972769860406E10 9.535384474121617E10 22612.907546908384 -35627.875425968894
1.0522673157874045E11 1.0828260350016167E11 -31592.355536526433 19936.33551652392
1.0234332865513573E11 1.0230465465844647E11 -78055.24243282476 79365.07346384824
9.205361521682169E10 1.0114598370989966E11 -6504.6650980321865 -45104.106897994076
1.0383697179498918E11 9.442631106893105E10 44536.18788805467 30659.065996715282
1.0521205600565352E11 9.632294813472249E10 33065.692937208296 46869.13586449096
1.0542993797836069E11 9.191943709023224E10 31192.60094266174 20960.654646679337
9.648818464160652E10 9.306553226342548E10 41991.37060043842 -21265.64659271989
1.0990195937047925E11 9.844262423918225E10 5671.059238801167 36057.19286442751
9.677908732962782E10 9.704198714623541E10 56590.56653270753 -61620.17603701852
9.251072395017346E10 9.315301225246951E10 24328.321828853856 -26610.463567869276
1.0157406823005563E11 1.0416448166508392E11 -76872.2520130764 29055.757570294245
9.3584692745384E10 1.0259606041463759E11 -19830.95865207637 -49005.67497941515
9.107262538692285E10 9.497365342722272E10 17520.440037487326 -31118.33402967683
9.766211258951926E10 1.0338907564113554E11 -73147.11899259454 -50459.10646846027
9.787378089197807E10 1.0391210707166406E11 -72196.21272557932 -39238.43703967114
1.0965447331771814E11 9.867276082281316E10 5113.123109765194 37193.37967258233
9.795437243015105E10 9.278277385816061E10 46924.11355042791 -13300.021155359602
1.0985672944640831E11 9.069382300359123E10 18528.728959181615 19624.88661100701
9.43805584389371E10 1.0316456096955624E11 -27837.044634330734 -49431.38939656975
9.262410462917834E10 1.0549632800043239E11 -23766.13876127498 -31893.39370900043
1.0892472887255627E11 1.0290319564030363E11 -12059.455772711834 37072.03594132581
1.0761034450425505E11 1.0377994187644994E11 -19153.20385116731 38562.095511507105
9.086215836883224E10 1.057845805311941E11 -18094.82021110959 -28584.199068871858
1.0407673917154013E11 9.085141254487592E10 33366.24075186093 14868.465907702812
9.857148052927722E10 1.0894488437029486E11 -39885.30877428003 -6369.779398050606
1.0987618668766333E11 1.0631507493810399E11 -16813.43279908344 26294.636692638334
1.0710845056544269E11 9.642753329249911E10 20650.983880095828 41091.075175367085
1.0891680543599939E11 9.395629508023778E10 19056.21768212122 28115.301404260375
1.096006941045144E11 1.0148937669752936E11 -5772.936151353169 37213.01277640136
9.841589472067825E10 9.504725705441312E10 67016.19002019489 -21434.72850849529
9.895362936354015E10 1.0292578211748564E11 -110869.20982151803 -39651.03380440367
1.068005897548214E11 1.0479303139190407E11 -25333.59026946472 35944.54956634947
1.0261502687958281E11 1.0761623928050133E11 -42972.07966969743 14754.413466961869
1.0166598512390515E11 1.0545664176795467E11 -61332.95823025763 18725.765839491
9.516491904225441E10 1.0259670542096144E11 -31541.354486200464 -58730.189888564906
1.07119502856287E11 1.0521947553696344E11 -24504.52174015202 33424.81659037638
9.848924594574391E10 9.366879652478574E10 54675.0184029128 -13046.572589570953
1.0831554283196582E11 9.202828190050565E10 21979.496381715187 22927.48455302045
9.495810347817004E10 1.0804704291199248E11 -32649.203425354575 -20456.446795566404
1.0365424243244339E11 1.0344005356634352E11 -49969.64977908593 53080.92186226058
9.4786888844298E10 9.659249540816234E10 32141.695222073955 -49173.295415870125
1.0165827833538954E11 1.056555469088654E11 -59570.533874021676 17466.838723595138
9.323141531466315E10 9.409910461153102E10 26774.630038690695 -30711.669823799763
1.0313732598294266E11 9.682890391515831E10 58305.681733131045 57684.76430876397
1.0433902851543257E11 9.442512246609738E10 40869.964003048706 31809.835849396575
9.166841505398808E10 1.0978236669570345E11 -21676.839197226494 -18462.038149935273
