100
2.0E11
0.0 1.0 2.0E28
0.0 1.0 2.0E28
0.0 1.0 2.0E28
0.0 1.0 2.0E28
0.0 1.0 2.0E28
0.0 1.0 2.0E28
0.0 1.0 2.0E28
0.0 1.0 2.0E28
0.0 1.0 2.0E28
0.0 1.0 2.0E28
0.0 1.0 2.0E28
0.0 1.0 2.0E28
0.0 1.0 2.0E28
0.0 1.0 2.0E28
0.0 1.0 2.0E28
0.0 1.0 2.0E28
0.0 1.0 2.0E28
0.0 1.0 2.0E28
0.0 1.0 2.0E28
0.0 1.0 2.0E28
0.0 1.0 2.0E28
0.0 1.0 2.0E28
0.0 1.0 2.0E28
0.0 1.0 2.0E28
0.0 1.0 2.0E28
0.0 1.0 2.0E28
0.0 1.0 2.0E28
0.0 1.0 2.0E28
0.0 1.0 2.0E28
0.0 1.0 2.0E28
0.0 1.0 2.0E28
0.0 1.0 2.0E28
0.0 1.0 2.0E28
0.0 1.0 2.0E28
0.0 1.0 2.0E28
0.0 1.0 2.0E28
0.0 1.0 2.0E28
0.0 1.0 2.0E28
0.0 1.0 2.0E28
0.0 1.0 2.0E28
0.0 1.0 2.0E28
0.0 1.0 2.0E28
0.0 1.0 2.0E28
0.0 1.0 2.0E28
0.0 1.0 2.0E28
0.0 1.0 2.0E28
0.0 1.0 2.0E28
0.0 1.0 2.0E28
0.0 1.0 2.0E28
0.0 1.0 2.0E28
0.0 1.0 2.0E28
0.0 1.0 2.0E28
0.0 1.0 2.0E28
0.0 1.0 2.0E28
0.0 1.0 2.0E28
0.0 1.0 2.0E28
0.0 1.0 2.0E28
0.0 1.0 2.0E28
0.0 1.0 2.0E28
0.0 1.0 2.0E28
0.0 1.0 2.0E28
0.0 1.0 2.0E28
0.0 1.0 2.0E28
0.0 1.0 2.0E28
0.0 1.0 2.0E28
0.0 1.0 2.0E28
0.0 1.0 2.0E28
0.0 1.0 2.0E28
0.0 1.0 2.0E28
0.0 1.0 2.0E28
0.0 1.0 2.0E28
0.0 1.0 2.0E28
0.0 1.0 2.0E28
0.0 1.0 2.0E28
0.0 1.0 2.0E28
0.0 1.0 2.0E28
0.0 1.0 2.0E28
0.0 1.0 2.0E28
0.0 1.0 2.0E28
0.0 1.0 2.0E28
0.0 1.0 2.0E28
0.0 1.0 2.0E28
0.0 1.0 2.0E28
0.0 1.0 2.0E28
0.0 1.0 2.0E28
0.0 1.0 2.0E28
0.0 1.0 2.0E28
0.0 1.0 2.0E28
0.0 1.0 2.0E28
0.0 1.0 2.0E28
0.0 1.0 2.0E28
0.0 1.0 2.0E28
0.0 1.0 2.0E28
0.0 1.0 2.0E28
0.0 1.0 2.0E28
0.0 1.0 2.0E28
0.0 1.0 2.0E28
0.0 1.0 2.0E28
0.0 1.0 2.0E28
0.0 1.0 2.0E28
